index,number of correct responses (out of 100)
0,100
1,100
2,100
3,99
4,100
5,100
6,100
7,100
8,100
9,95
10,20
11,100
12,100
13,100
14,1
15,0
16,100
17,100
18,100
19,100
20,100
21,100
22,100
23,66
24,100
25,100
26,100
27,100
28,100
29,4
30,100
31,1
32,50
33,100
34,100
35,100
36,100
37,92
38,0
39,100
40,100
41,66
42,0
43,100
44,100
45,74
46,80
47,2
48,100
49,100
50,100
51,100
52,20
53,96
54,100
55,100
56,26
57,100
58,84
59,93
60,100
61,44
62,100
63,86
64,100
65,0
66,100
67,84
68,100
69,36
70,100
71,0
72,67
73,0
74,100
75,17
76,100
77,0
78,100
79,2
80,4
81,100
82,100
83,99
84,100
85,100
86,93
87,65
88,100
89,100
90,100
91,100
92,100
93,100
94,100
95,93
96,100
97,100
98,99
99,100
100,99
101,100
102,100
103,100
104,14
105,100
106,100
107,100
108,100
109,100
110,0
111,97
112,100
113,97
114,95
115,100
116,100
117,100
118,100
119,90
120,100
121,100
122,85
123,100
124,100
125,100
126,100
127,100
128,0
129,100
130,100
131,100
132,65
133,100
134,100
135,93
136,100
137,100
138,100
139,100
140,100
141,100
142,100
143,100
144,100
145,0
146,100
147,100
148,100
149,100
150,98
151,100
152,100
153,100
154,6
155,11
156,42
157,100
158,100
159,1
160,43
161,100
162,100
163,100
164,100
165,100
166,91
167,70
168,100
169,6
170,100
171,100
172,100
173,100
174,100
175,100
176,100
177,100
178,100
179,100
180,100
181,87
182,64
183,0
184,100
185,100
186,100
187,93
188,0
189,100
190,100
191,100
192,100
193,100
194,100
195,100
196,100
197,49
198,100
199,99
200,100
201,28
202,100
203,100
204,100
205,0
206,100
207,100
208,100
209,28
210,100
211,100
212,80
213,86
214,100
215,42
216,100
217,100
218,100
219,72
220,0
221,99
222,13
223,100
224,100
225,100
226,97
227,18
228,100
229,98
230,100
231,100
232,94
233,100
234,100
235,66
236,39
237,100
238,100
239,100
240,100
241,100
242,100
243,48
244,100
245,100
246,100
247,100
248,100
249,100
250,18
251,100
252,100
253,100
254,100
255,100
256,100
257,100
258,0
259,12
260,100
261,100
262,100
263,80
264,100
265,100
266,100
267,95
268,100
269,100
270,0
271,88
272,100
273,100
274,100
275,90
276,100
277,99
278,100
279,100
280,100
281,100
282,100
283,100
284,100
285,7
286,100
287,100
288,100
289,100
290,100
291,100
292,100
293,4
294,100
295,100
296,100
297,100
298,100
299,100
300,100
301,100
302,94
303,100
304,100
305,100
306,100
307,99
308,12
309,98
310,36
311,59
312,0
313,99
314,0
315,100
316,100
317,9
318,100
319,100
320,100
321,100
322,0
323,100
324,100
325,20
326,100
327,99
328,100
329,100
330,100
331,100
332,1
333,100
334,100
335,1
336,2
337,87
338,88
339,100
340,93
341,100
342,100
343,100
344,100
345,100
346,100
347,100
348,96
349,100
350,100
351,73
352,23
353,0
354,100
355,67
356,100
357,99
358,100
359,100
360,100
361,100
362,0
363,100
364,100
365,100
366,100
367,85
368,100
369,100
370,100
371,92
372,100
373,0
374,100
375,100
376,100
377,26
378,0
379,100
380,100
381,15
382,98
383,100
384,22
385,100
386,69
387,100
388,100
389,100
390,99
391,87
392,95
393,100
394,86
395,100
396,93
397,100
398,100
399,100
400,100
401,100
402,100
403,100
404,99
405,100
406,100
407,20
408,100
409,100
410,100
411,100
412,100
413,0
414,100
415,68
416,100
417,100
418,100
419,100
420,100
421,95
422,100
423,100
424,57
425,98
426,100
427,100
428,100
429,99
430,100
431,100
432,100
433,100
434,100
435,0
436,100
437,100
438,100
439,100
440,100
441,11
442,100
443,100
444,100
445,3
446,100
447,97
448,100
449,100
450,100
451,0
452,100
453,100
454,97
455,2
456,100
457,100
458,99
459,100
460,100
461,100
462,99
463,5
464,45
465,100
466,99
467,0
468,64
469,100
470,100
471,100
472,100
473,100
474,100
475,100
476,100
477,100
478,100
479,100
480,100
481,100
482,27
483,100
484,100
485,100
486,100
487,54
488,91
489,100
490,100
491,100
492,100
493,91
494,100
495,100
496,100
497,5
498,100
499,100
500,100
501,100
502,100
503,100
504,100
505,100
506,100
507,100
508,100
509,100
510,100
511,100
512,47
513,100
514,13
515,24
516,100
517,100
518,100
519,94
520,100
521,100
522,100
523,100
524,100
525,100
526,0
527,100
528,100
529,95
530,100
531,100
532,100
533,100
534,100
535,1
536,100
537,99
538,100
539,100
540,4
541,100
542,100
543,100
544,100
545,72
546,100
547,100
548,100
549,99
550,100
551,100
552,100
553,45
554,100
555,99
556,95
557,100
558,0
559,100
560,100
561,99
562,100
563,100
564,0
565,100
566,100
567,95
568,95
569,95
570,100
571,5
572,100
573,99
574,100
575,100
576,94
577,2
578,100
579,100
580,100
581,100
582,100
583,100
584,95
585,100
586,100
587,100
588,95
589,100
590,100
591,100
592,100
593,100
594,100
595,100
596,98
597,1
598,100
599,96
600,100
601,100
602,100
603,21
604,0
605,85
606,0
607,100
608,99
609,99
610,100
611,9
612,99
613,100
614,100
615,100
616,100
617,100
618,100
619,99
620,24
621,100
622,100
623,100
624,100
625,100
626,100
627,16
628,100
629,78
630,100
631,100
632,68
633,100
634,54
635,100
636,0
637,0
638,100
639,97
640,100
641,100
642,100
643,100
644,100
645,100
646,100
647,100
648,100
649,14
650,0
651,1
652,0
653,100
654,100
655,100
656,100
657,100
658,18
659,100
660,100
661,100
662,95
663,98
664,99
665,100
666,100
667,100
668,100
669,100
670,100
671,100
672,95
673,100
674,100
675,100
676,56
677,100
678,100
679,72
680,100
681,100
682,93
683,100
684,100
685,100
686,99
687,46
688,99
689,71
690,100
691,100
692,60
693,100
694,100
695,0
696,100
697,93
698,100
699,100
700,95
701,0
702,100
703,100
704,100
705,100
706,100
707,5
708,100
709,0
710,100
711,100
712,100
713,100
714,100
715,96
716,100
717,2
718,100
719,100
720,100
721,100
722,100
723,100
724,100
725,100
726,14
727,100
728,100
729,100
730,100
731,100
732,100
733,100
734,100
735,44
736,100
737,100
738,13
739,92
740,30
741,99
742,100
743,100
744,100
745,100
746,3
747,100
748,74
749,100
750,0
751,100
752,100
753,0
754,95
755,99
756,100
757,100
758,100
759,81
760,100
761,100
762,0
763,100
764,100
765,100
766,100
767,98
768,67
769,100
770,100
771,100
772,79
773,100
774,100
775,100
776,100
777,97
778,100
779,44
780,100
781,100
782,100
783,100
784,100
785,99
786,29
787,100
788,100
789,100
790,62
791,100
792,93
793,91
794,5
795,100
796,39
797,100
798,100
799,100
800,100
801,100
802,56
803,100
804,100
805,100
806,100
807,100
808,100
809,100
810,96
811,100
812,82
813,100
814,100
815,100
816,100
817,100
818,93
819,0
820,97
821,100
822,100
823,100
824,99
825,96
826,54
827,100
828,100
829,33
830,98
831,100
832,6
833,95
834,84
835,0
836,100
837,100
838,0
839,100
840,100
841,100
842,100
843,100
844,100
845,94
846,100
847,0
848,100
849,100
850,100
851,100
852,83
853,97
854,100
855,58
856,100
857,100
858,100
859,100
860,100
861,100
862,100
863,0
864,100
865,100
866,100
867,100
868,100
869,100
870,100
871,100
872,100
873,100
874,100
875,89
876,99
877,100
878,100
879,25
880,100
881,100
882,98
883,32
884,100
885,97
886,86
887,0
888,100
889,100
890,90
891,100
892,41
893,100
894,100
895,100
896,100
897,100
898,100
899,100
900,0
901,100
902,100
903,100
904,100
905,29
906,0
907,100
908,100
909,100
910,100
911,100
912,100
913,1
914,100
915,75
916,37
917,100
918,0
919,100
920,99
921,100
922,100
923,98
924,97
925,100
926,100
927,100
928,0
929,92
930,100
931,100
932,100
933,79
934,100
935,100
936,100
937,56
938,100
939,100
940,10
941,100
942,100
943,100
944,100
945,100
946,80
947,0
948,100
949,100
950,73
951,0
952,24
953,10
954,100
955,100
956,100
957,100
958,99
959,100
960,100
961,100
962,100
963,98
964,98
965,94
966,0
967,100
968,100
969,100
970,100
971,100
972,100
973,8
974,5
975,100
976,7
977,100
978,100
979,100
980,100
981,81
982,100
983,100
984,72
985,100
986,100
987,25
988,100
989,100
990,100
991,23
992,100
993,100
994,78
995,100
996,100
997,100
998,0
999,57
1000,100
1001,100
1002,76
1003,100
1004,100
1005,100
1006,100
1007,100
1008,39
1009,100
1010,100
1011,100
1012,100
1013,100
1014,67
1015,77
1016,100
1017,2
1018,76
1019,96
1020,100
1021,100
1022,73
1023,98
1024,100
1025,100
1026,100
1027,80
1028,88
1029,97
1030,100
1031,100
1032,58
1033,100
1034,100
1035,1
1036,100
1037,100
1038,1
1039,76
1040,58
1041,98
1042,100
1043,100
1044,100
1045,100
1046,100
1047,98
1048,100
1049,100
1050,100
1051,99
1052,100
1053,100
1054,100
1055,100
1056,100
1057,100
1058,94
1059,100
1060,100
1061,100
1062,100
1063,100
1064,0
1065,0
1066,98
1067,100
1068,53
1069,92
1070,100
1071,100
1072,100
1073,100
1074,100
1075,100
1076,100
1077,100
1078,100
1079,100
1080,3
1081,99
1082,100
1083,0
1084,99
1085,100
1086,100
1087,100
1088,100
1089,14
1090,81
1091,100
1092,85
1093,100
1094,83
1095,100
1096,100
1097,100
1098,100
1099,99
1100,93
1101,100
1102,100
1103,39
1104,100
1105,100
1106,84
1107,100
1108,100
1109,100
1110,100
1111,100
1112,100
1113,100
1114,100
1115,100
1116,100
1117,100
1118,100
1119,100
1120,100
1121,100
1122,83
1123,17
1124,100
1125,33
1126,100
1127,100
1128,100
1129,100
1130,100
1131,100
1132,95
1133,100
1134,100
1135,100
1136,97
1137,43
1138,100
1139,28
1140,100
1141,0
1142,76
1143,100
1144,100
1145,100
1146,66
1147,99
1148,100
1149,100
1150,100
1151,100
1152,94
1153,100
1154,63
1155,100
1156,0
1157,97
1158,100
1159,87
1160,100
1161,100
1162,10
1163,99
1164,95
1165,100
1166,2
1167,91
1168,100
1169,100
1170,100
1171,0
1172,99
1173,95
1174,100
1175,100
1176,100
1177,89
1178,100
1179,100
1180,100
1181,100
1182,100
1183,100
1184,100
1185,98
1186,100
1187,100
1188,21
1189,99
1190,100
1191,100
1192,100
1193,100
1194,100
1195,100
1196,100
1197,100
1198,100
1199,0
1200,100
1201,100
1202,70
1203,100
1204,100
1205,100
1206,100
1207,100
1208,100
1209,74
1210,0
1211,100
1212,100
1213,100
1214,100
1215,100
1216,100
1217,100
1218,40
1219,100
1220,4
1221,100
1222,99
1223,100
1224,99
1225,73
1226,100
1227,100
1228,100
1229,100
1230,94
1231,100
1232,100
1233,100
1234,77
1235,100
1236,100
1237,99
1238,100
1239,96
1240,100
1241,100
1242,100
1243,17
1244,100
1245,98
1246,100
1247,41
1248,100
1249,100
1250,100
1251,100
1252,68
1253,100
1254,100
1255,100
1256,100
1257,37
1258,100
1259,100
1260,67
1261,100
1262,100
1263,100
1264,100
1265,94
1266,100
1267,93
1268,100
1269,5
1270,100
1271,100
1272,100
1273,24
1274,100
1275,97
1276,100
1277,45
1278,100
1279,100
1280,8
1281,100
1282,94
1283,0
1284,68
1285,100
1286,0
1287,10
1288,100
1289,96
1290,100
1291,28
1292,100
1293,100
1294,0
1295,98
1296,100
1297,100
1298,100
1299,100
1300,0
1301,100
1302,100
1303,100
1304,100
1305,100
1306,100
1307,8
1308,100
1309,79
1310,100
1311,100
1312,100
1313,100
1314,100
1315,100
1316,98
1317,100
1318,0
1319,100
1320,1
1321,100
1322,100
1323,100
1324,100
1325,100
1326,100
1327,100
1328,0
1329,100
1330,5
1331,100
1332,100
1333,0
1334,0
1335,100
1336,100
1337,100
1338,100
1339,100
1340,53
1341,21
1342,100
1343,100
1344,90
1345,100
1346,8
1347,100
1348,100
1349,95
1350,0
1351,100
1352,100
1353,100
1354,1
1355,100
1356,100
1357,100
1358,100
1359,100
1360,100
1361,100
1362,35
1363,99
1364,0
1365,100
1366,98
1367,100
1368,100
1369,85
1370,53
1371,2
1372,3
1373,100
1374,100
1375,100
1376,0
1377,100
1378,100
1379,94
1380,100
1381,100
1382,100
1383,95
1384,100
1385,98
1386,100
1387,95
1388,100
1389,100
1390,99
1391,100
1392,100
1393,100
1394,0
1395,32
1396,15
1397,100
1398,100
1399,100
1400,0
1401,100
1402,100
1403,100
1404,0
1405,100
1406,100
1407,100
1408,100
1409,100
1410,100
1411,100
1412,100
1413,100
1414,100
1415,100
1416,100
1417,99
1418,100
1419,100
1420,38
1421,100
1422,100
1423,100
1424,100
1425,100
1426,100
1427,100
1428,100
1429,97
1430,100
1431,0
1432,100
1433,100
1434,100
1435,100
1436,100
1437,99
1438,100
1439,100
1440,100
1441,100
1442,97
1443,81
1444,100
1445,45
1446,100
1447,100
1448,100
1449,99
1450,100
1451,100
1452,100
1453,100
1454,100
1455,100
1456,100
1457,96
1458,100
1459,100
1460,100
1461,100
1462,100
1463,100
1464,100
1465,100
1466,100
1467,7
1468,100
1469,2
1470,57
1471,100
1472,0
1473,100
1474,0
1475,100
1476,100
1477,98
1478,45
1479,100
1480,100
1481,3
1482,100
1483,100
1484,6
1485,100
1486,0
1487,100
1488,100
1489,100
1490,100
1491,100
1492,100
1493,100
1494,100
1495,2
1496,100
1497,99
1498,100
1499,100
1500,80
1501,100
1502,100
1503,93
1504,100
1505,100
1506,100
1507,100
1508,96
1509,100
1510,100
1511,0
1512,95
1513,97
1514,100
1515,100
1516,100
1517,100
1518,100
1519,100
1520,0
1521,83
1522,100
1523,100
1524,100
1525,93
1526,89
1527,100
1528,100
1529,100
1530,100
1531,100
1532,100
1533,100
1534,100
1535,100
1536,100
1537,96
1538,0
1539,100
1540,87
1541,100
1542,67
1543,96
1544,75
1545,100
1546,100
1547,100
1548,100
1549,100
1550,100
1551,27
1552,100
1553,100
1554,78
1555,100
1556,100
1557,100
1558,0
1559,18
1560,80
1561,96
1562,73
1563,100
1564,0
1565,100
1566,100
1567,100
1568,100
1569,100
1570,100
1571,100
1572,91
1573,100
1574,0
1575,100
1576,100
1577,100
1578,100
1579,100
1580,100
1581,100
1582,100
1583,77
1584,100
1585,99
1586,100
1587,88
1588,0
1589,2
1590,41
1591,100
1592,100
1593,0
1594,100
1595,24
1596,100
1597,25
1598,100
1599,96
1600,20
1601,100
1602,100
1603,85
1604,0
1605,100
1606,100
1607,98
1608,0
1609,100
1610,100
1611,100
1612,100
1613,98
1614,92
1615,100
1616,100
1617,30
1618,100
1619,100
1620,100
1621,61
1622,100
1623,100
1624,74
1625,0
1626,100
1627,100
1628,100
1629,0
1630,100
1631,100
1632,100
1633,100
1634,98
1635,100
1636,100
1637,100
1638,100
1639,100
1640,100
1641,97
1642,100
1643,0
1644,68
1645,100
1646,100
1647,99
1648,100
1649,100
1650,100
1651,100
1652,55
1653,100
1654,100
1655,46
1656,100
1657,96
1658,100
1659,100
1660,89
1661,100
1662,100
1663,2
1664,79
1665,100
1666,100
1667,100
1668,58
1669,100
1670,0
1671,100
1672,100
1673,100
1674,100
1675,100
1676,94
1677,100
1678,100
1679,1
1680,100
1681,98
1682,100
1683,100
1684,100
1685,100
1686,0
1687,1
1688,100
1689,96
1690,100
1691,100
1692,100
1693,100
1694,100
1695,6
1696,94
1697,94
1698,98
1699,100
1700,82
1701,90
1702,100
1703,100
1704,100
1705,100
1706,100
1707,0
1708,63
1709,99
1710,25
1711,1
1712,100
1713,1
1714,100
1715,100
1716,6
1717,99
1718,100
1719,2
1720,5
1721,100
1722,100
1723,100
1724,100
1725,97
1726,100
1727,30
1728,11
1729,100
1730,100
1731,100
1732,100
1733,1
1734,100
1735,100
1736,100
1737,0
1738,100
1739,100
1740,100
1741,100
1742,100
1743,92
1744,95
1745,0
1746,100
1747,100
1748,100
1749,100
1750,100
1751,100
1752,94
1753,98
1754,100
1755,100
1756,100
1757,100
1758,100
1759,95
1760,100
1761,0
1762,100
1763,100
1764,100
1765,100
1766,96
1767,100
1768,100
1769,100
1770,4
1771,100
1772,65
1773,100
1774,100
1775,100
1776,100
1777,100
1778,13
1779,81
1780,42
1781,19
1782,100
1783,100
1784,100
1785,100
1786,100
1787,94
1788,100
1789,100
1790,2
1791,15
1792,100
1793,100
1794,100
1795,100
1796,18
1797,100
1798,12
1799,100
1800,100
1801,21
1802,100
1803,100
1804,100
1805,100
1806,100
1807,100
1808,98
1809,59
1810,98
1811,100
1812,99
1813,100
1814,100
1815,100
1816,97
1817,100
1818,100
1819,100
1820,75
1821,100
1822,99
1823,100
1824,100
1825,100
1826,100
1827,95
1828,0
1829,100
1830,100
1831,100
1832,92
1833,100
1834,95
1835,99
1836,100
1837,100
1838,96
1839,55
1840,100
1841,100
1842,100
1843,35
1844,100
1845,89
1846,100
1847,100
1848,92
1849,100
1850,64
1851,100
1852,100
1853,96
1854,100
1855,100
1856,100
1857,100
1858,100
1859,100
1860,100
1861,6
1862,13
1863,100
1864,100
1865,100
1866,100
1867,91
1868,99
1869,100
1870,100
1871,97
1872,24
1873,100
1874,0
1875,92
1876,0
1877,100
1878,100
1879,100
1880,100
1881,100
1882,100
1883,100
1884,96
1885,100
1886,100
1887,100
1888,100
1889,100
1890,13
1891,100
1892,100
1893,72
1894,100
1895,100
1896,100
1897,100
1898,0
1899,84
1900,100
1901,95
1902,99
1903,64
1904,97
1905,100
1906,100
1907,100
1908,100
1909,60
1910,100
1911,90
1912,100
1913,100
1914,100
1915,96
1916,100
1917,14
1918,57
1919,100
1920,100
1921,100
1922,100
1923,82
1924,100
1925,100
1926,100
1927,100
1928,100
1929,99
1930,13
1931,100
1932,100
1933,4
1934,57
1935,15
1936,100
1937,100
1938,100
1939,100
1940,100
1941,99
1942,100
1943,100
1944,100
1945,100
1946,100
1947,97
1948,9
1949,100
1950,0
1951,100
1952,100
1953,96
1954,100
1955,100
1956,100
1957,100
1958,100
1959,99
1960,98
1961,100
1962,89
1963,100
1964,100
1965,100
1966,100
1967,100
1968,10
1969,20
1970,100
1971,100
1972,100
1973,100
1974,100
1975,100
1976,100
1977,96
1978,100
1979,100
1980,100
1981,100
1982,100
1983,100
1984,98
1985,100
1986,100
1987,100
1988,99
1989,100
1990,100
1991,100
1992,98
1993,100
1994,57
1995,0
1996,0
1997,100
1998,100
1999,100
2000,100
2001,100
2002,0
2003,99
2004,96
2005,5
2006,100
2007,100
2008,100
2009,82
2010,100
2011,99
2012,99
2013,100
2014,100
2015,100
2016,48
2017,100
2018,100
2019,100
2020,100
2021,29
2022,99
2023,100
2024,79
2025,100
2026,0
2027,6
2028,100
2029,100
2030,100
2031,15
2032,100
2033,100
2034,100
2035,100
2036,100
2037,0
2038,100
2039,100
2040,100
2041,100
2042,100
2043,100
2044,100
2045,96
2046,100
2047,100
2048,100
2049,100
2050,9
2051,100
2052,100
2053,100
2054,0
2055,100
2056,100
2057,78
2058,2
2059,100
2060,92
2061,85
2062,100
2063,100
2064,11
2065,86
2066,100
2067,100
2068,100
2069,100
2070,100
2071,100
2072,100
2073,97
2074,100
2075,0
2076,100
2077,100
2078,100
2079,100
2080,45
2081,100
2082,100
2083,100
2084,100
2085,95
2086,100
2087,97
2088,100
2089,0
2090,59
2091,100
2092,100
2093,100
2094,100
2095,100
2096,100
2097,100
2098,90
2099,99
2100,100
2101,32
2102,96
2103,100
2104,70
2105,100
2106,100
2107,100
2108,20
2109,100
2110,0
2111,100
2112,100
2113,100
2114,100
2115,100
2116,100
2117,100
2118,100
2119,0
2120,77
2121,100
2122,100
2123,100
2124,100
2125,94
2126,100
2127,100
2128,100
2129,17
2130,0
2131,100
2132,97
2133,100
2134,100
2135,100
2136,100
2137,100
2138,100
2139,100
2140,100
2141,14
2142,100
2143,100
2144,100
2145,70
2146,100
2147,100
2148,79
2149,33
2150,100
2151,100
2152,100
2153,100
2154,99
2155,100
2156,43
2157,100
2158,100
2159,87
2160,100
2161,100
2162,100
2163,100
2164,100
2165,100
2166,100
2167,100
2168,100
2169,88
2170,100
2171,100
2172,100
2173,100
2174,93
2175,100
2176,100
2177,100
2178,100
2179,100
2180,72
2181,100
2182,94
2183,100
2184,100
2185,100
2186,0
2187,100
2188,62
2189,100
2190,100
2191,1
2192,5
2193,100
2194,97
2195,0
2196,100
2197,100
2198,0
2199,100
2200,100
2201,84
2202,61
2203,100
2204,100
2205,100
2206,100
2207,65
2208,88
2209,2
2210,100
2211,97
2212,100
2213,100
2214,1
2215,57
2216,14
2217,1
2218,30
2219,0
2220,50
2221,7
2222,100
2223,100
2224,27
2225,100
2226,100
2227,100
2228,100
2229,92
2230,0
2231,100
2232,100
2233,100
2234,0
2235,100
2236,100
2237,100
2238,100
2239,100
2240,15
2241,3
2242,100
2243,100
2244,100
2245,100
2246,100
2247,100
2248,100
2249,100
2250,100
2251,100
2252,95
2253,100
2254,100
2255,100
2256,5
2257,100
2258,100
2259,7
2260,100
2261,100
2262,100
2263,100
2264,63
2265,100
2266,100
2267,100
2268,100
2269,100
2270,100
2271,100
2272,100
2273,100
2274,100
2275,100
2276,84
2277,90
2278,100
2279,100
2280,41
2281,100
2282,100
2283,97
2284,100
2285,100
2286,13
2287,88
2288,100
2289,100
2290,0
2291,98
2292,100
2293,100
2294,100
2295,5
2296,0
2297,0
2298,100
2299,100
2300,7
2301,100
2302,5
2303,100
2304,1
2305,0
2306,100
2307,69
2308,96
2309,32
2310,59
2311,100
2312,80
2313,100
2314,100
2315,0
2316,100
2317,97
2318,88
2319,100
2320,100
2321,100
2322,0
2323,100
2324,100
2325,100
2326,100
2327,99
2328,100
2329,0
2330,25
2331,100
2332,0
2333,98
2334,31
2335,100
2336,98
2337,100
2338,0
2339,100
2340,100
2341,100
2342,100
2343,99
2344,100
2345,60
2346,71
2347,100
2348,100
2349,100
2350,100
2351,100
2352,100
2353,100
2354,100
2355,100
2356,100
2357,100
2358,100
2359,100
2360,100
2361,100
2362,100
2363,100
2364,100
2365,95
2366,100
2367,74
2368,0
2369,97
2370,100
2371,100
2372,100
2373,100
2374,100
2375,100
2376,0
2377,88
2378,100
2379,100
2380,88
2381,57
2382,100
2383,3
2384,100
2385,100
2386,100
2387,100
2388,100
2389,100
2390,100
2391,100
2392,100
2393,100
2394,100
2395,100
2396,100
2397,100
2398,100
2399,100
2400,100
2401,100
2402,14
2403,100
2404,100
2405,100
2406,1
2407,100
2408,92
2409,100
2410,100
2411,100
2412,6
2413,100
2414,100
2415,82
2416,100
2417,100
2418,99
2419,100
2420,100
2421,100
2422,100
2423,100
2424,100
2425,100
2426,100
2427,95
2428,100
2429,100
2430,100
2431,100
2432,100
2433,100
2434,100
2435,100
2436,100
2437,70
2438,100
2439,100
2440,100
2441,100
2442,100
2443,99
2444,100
2445,2
2446,100
2447,100
2448,100
2449,100
2450,97
2451,100
2452,100
2453,100
2454,100
2455,100
2456,3
2457,100
2458,100
2459,89
2460,54
2461,100
2462,94
2463,55
2464,100
2465,100
2466,100
2467,100
2468,100
2469,100
2470,0
2471,100
2472,0
2473,0
2474,0
2475,100
2476,52
2477,100
2478,95
2479,0
2480,100
2481,100
2482,40
2483,100
2484,74
2485,100
2486,100
2487,42
2488,93
2489,58
2490,100
2491,6
2492,100
2493,100
2494,100
2495,100
2496,100
2497,16
2498,100
2499,100
2500,100
2501,99
2502,100
2503,99
2504,100
2505,64
2506,52
2507,100
2508,100
2509,100
2510,100
2511,100
2512,100
2513,100
2514,100
2515,100
2516,100
2517,0
2518,100
2519,100
2520,100
2521,60
2522,100
2523,100
2524,100
2525,24
2526,100
2527,100
2528,80
2529,100
2530,100
2531,0
2532,3
2533,100
2534,5
2535,100
2536,100
2537,100
2538,100
2539,100
2540,100
2541,100
2542,100
2543,100
2544,74
2545,100
2546,100
2547,0
2548,100
2549,100
2550,100
2551,100
2552,67
2553,100
2554,100
2555,100
2556,79
2557,88
2558,100
2559,100
2560,100
2561,100
2562,100
2563,15
2564,100
2565,100
2566,71
2567,100
2568,100
2569,100
2570,100
2571,100
2572,100
2573,100
2574,100
2575,100
2576,100
2577,100
2578,100
2579,100
2580,100
2581,100
2582,100
2583,100
2584,93
2585,98
2586,100
2587,100
2588,100
2589,99
2590,100
2591,100
2592,100
2593,100
2594,69
2595,4
2596,100
2597,100
2598,95
2599,17
2600,100
2601,100
2602,100
2603,95
2604,100
2605,100
2606,18
2607,99
2608,77
2609,100
2610,36
2611,99
2612,100
2613,71
2614,99
2615,99
2616,100
2617,30
2618,100
2619,96
2620,100
2621,100
2622,100
2623,100
2624,100
2625,17
2626,100
2627,0
2628,2
2629,68
2630,100
2631,0
2632,100
2633,0
2634,51
2635,100
2636,100
2637,0
2638,99
2639,100
2640,100
2641,99
2642,100
2643,90
2644,32
2645,17
2646,97
2647,94
2648,100
2649,100
2650,39
2651,96
2652,83
2653,100
2654,100
2655,100
2656,100
2657,100
2658,0
2659,100
2660,100
2661,97
2662,95
2663,31
2664,100
2665,100
2666,100
2667,100
2668,100
2669,4
2670,100
2671,3
2672,100
2673,55
2674,100
2675,86
2676,100
2677,100
2678,20
2679,100
2680,100
2681,81
2682,95
2683,100
2684,51
2685,58
2686,100
2687,100
2688,84
2689,100
2690,65
2691,24
2692,100
2693,100
2694,100
2695,100
2696,100
2697,100
2698,10
2699,100
2700,92
2701,100
2702,15
2703,97
2704,100
2705,100
2706,100
2707,97
2708,100
2709,100
2710,100
2711,100
2712,100
2713,100
2714,100
2715,98
2716,100
2717,0
2718,36
2719,100
2720,100
2721,100
2722,98
2723,88
2724,100
2725,100
2726,100
2727,100
2728,100
2729,100
2730,100
2731,100
2732,23
2733,25
2734,1
2735,100
2736,100
2737,100
2738,100
2739,0
2740,100
2741,100
2742,78
2743,100
2744,74
2745,100
2746,100
2747,100
2748,69
2749,0
2750,100
2751,100
2752,100
2753,100
2754,0
2755,77
2756,75
2757,100
2758,100
2759,100
2760,73
2761,100
2762,100
2763,100
2764,23
2765,96
2766,100
2767,100
2768,94
2769,100
2770,100
2771,100
2772,100
2773,100
2774,100
2775,7
2776,99
2777,19
2778,100
2779,100
2780,85
2781,31
2782,100
2783,97
2784,100
2785,0
2786,100
2787,100
2788,1
2789,100
2790,100
2791,100
2792,100
2793,100
2794,100
2795,86
2796,100
2797,100
2798,100
2799,51
2800,100
2801,100
2802,100
2803,100
2804,100
2805,100
2806,100
2807,100
2808,2
2809,0
2810,100
2811,100
2812,99
2813,57
2814,100
2815,100
2816,100
2817,100
2818,46
2819,100
2820,100
2821,100
2822,100
2823,32
2824,6
2825,100
2826,100
2827,100
2828,57
2829,100
2830,100
2831,99
2832,100
2833,91
2834,90
2835,74
2836,100
2837,100
2838,92
2839,100
2840,100
2841,99
2842,100
2843,100
2844,100
2845,100
2846,97
2847,100
2848,100
2849,57
2850,78
2851,100
2852,100
2853,100
2854,98
2855,100
2856,100
2857,0
2858,100
2859,48
2860,80
2861,100
2862,100
2863,3
2864,99
2865,14
2866,74
2867,100
2868,100
2869,100
2870,100
2871,46
2872,100
2873,85
2874,100
2875,100
2876,100
2877,100
2878,100
2879,100
2880,100
2881,100
2882,100
2883,10
2884,100
2885,93
2886,100
2887,45
2888,100
2889,100
2890,100
2891,100
2892,100
2893,100
2894,100
2895,100
2896,64
2897,100
2898,100
2899,3
2900,5
2901,100
2902,100
2903,100
2904,62
2905,100
2906,100
2907,98
2908,16
2909,100
2910,100
2911,100
2912,0
2913,100
2914,0
2915,100
2916,100
2917,100
2918,100
2919,0
2920,15
2921,79
2922,100
2923,79
2924,100
2925,100
2926,100
2927,94
2928,48
2929,98
2930,5
2931,0
2932,66
2933,100
2934,100
2935,20
2936,100
2937,100
2938,100
2939,100
2940,100
2941,100
2942,100
2943,17
2944,100
2945,71
2946,89
2947,100
2948,100
2949,100
2950,100
2951,100
2952,100
2953,100
2954,0
2955,100
2956,100
2957,70
2958,100
2959,99
2960,79
2961,99
2962,100
2963,100
2964,100
2965,100
2966,0
2967,77
2968,100
2969,35
2970,100
2971,35
2972,100
2973,100
2974,100
2975,100
2976,100
2977,100
2978,81
2979,100
2980,100
2981,100
2982,100
2983,78
2984,100
2985,92
2986,100
2987,100
2988,100
2989,100
2990,100
2991,60
2992,100
2993,100
2994,100
2995,100
2996,100
2997,100
2998,100
2999,34
3000,100
3001,100
3002,87
3003,100
3004,100
3005,100
3006,83
3007,100
3008,98
3009,65
3010,100
3011,100
3012,100
3013,100
3014,100
3015,0
3016,100
3017,100
3018,100
3019,100
3020,100
3021,100
3022,99
3023,100
3024,65
3025,100
3026,0
3027,72
3028,89
3029,100
3030,51
3031,100
3032,100
3033,100
3034,100
3035,100
3036,100
3037,100
3038,100
3039,100
3040,100
3041,100
3042,94
3043,99
3044,100
3045,4
3046,100
3047,100
3048,0
3049,100
3050,0
3051,63
3052,100
3053,100
3054,100
3055,100
3056,48
3057,83
3058,96
3059,18
3060,100
3061,100
3062,100
3063,100
3064,100
3065,100
3066,100
3067,100
3068,100
3069,100
3070,100
3071,100
3072,100
3073,100
3074,1
3075,100
3076,100
3077,100
3078,100
3079,100
3080,100
3081,100
3082,100
3083,100
3084,100
3085,100
3086,100
3087,62
3088,94
3089,54
3090,100
3091,100
3092,100
3093,96
3094,100
3095,100
3096,100
3097,100
3098,100
3099,100
3100,100
3101,0
3102,1
3103,100
3104,100
3105,80
3106,100
3107,98
3108,100
3109,20
3110,100
3111,27
3112,100
3113,100
3114,100
3115,100
3116,21
3117,0
3118,100
3119,100
3120,100
3121,100
3122,87
3123,98
3124,0
3125,100
3126,51
3127,100
3128,100
3129,100
3130,100
3131,100
3132,100
3133,100
3134,100
3135,100
3136,100
3137,100
3138,100
3139,100
3140,100
3141,0
3142,100
3143,100
3144,100
3145,62
3146,100
3147,45
3148,100
3149,100
3150,100
3151,100
3152,100
3153,56
3154,100
3155,100
3156,100
3157,100
3158,100
3159,88
3160,100
3161,100
3162,100
3163,100
3164,0
3165,100
3166,100
3167,100
3168,100
3169,100
3170,67
3171,100
3172,100
3173,100
3174,100
3175,99
3176,100
3177,90
3178,96
3179,100
3180,100
3181,100
3182,5
3183,100
3184,100
3185,100
3186,97
3187,100
3188,100
3189,100
3190,100
3191,99
3192,0
3193,100
3194,100
3195,0
3196,100
3197,100
3198,100
3199,2
3200,81
3201,100
3202,98
3203,1
3204,100
3205,100
3206,100
3207,100
3208,100
3209,100
3210,100
3211,88
3212,100
3213,100
3214,96
3215,100
3216,92
3217,100
3218,100
3219,100
3220,49
3221,100
3222,100
3223,100
3224,98
3225,100
3226,100
3227,100
3228,100
3229,99
3230,100
3231,100
3232,100
3233,100
3234,100
3235,100
3236,100
3237,100
3238,100
3239,41
3240,100
3241,100
3242,96
3243,100
3244,99
3245,100
3246,100
3247,100
3248,100
3249,0
3250,99
3251,100
3252,100
3253,100
3254,100
3255,100
3256,100
3257,0
3258,100
3259,26
3260,100
3261,100
3262,100
3263,100
3264,94
3265,100
3266,100
3267,100
3268,50
3269,100
3270,0
3271,100
3272,100
3273,100
3274,89
3275,100
3276,100
3277,100
3278,96
3279,100
3280,100
3281,100
3282,100
3283,100
3284,0
3285,100
3286,100
3287,6
3288,100
3289,85
3290,5
3291,100
3292,32
3293,100
3294,100
3295,0
3296,99
3297,100
3298,100
3299,97
3300,20
3301,100
3302,100
3303,100
3304,86
3305,100
3306,100
3307,100
3308,3
3309,100
3310,100
3311,100
3312,17
3313,100
3314,100
3315,100
3316,100
3317,0
3318,65
3319,100
3320,100
3321,100
3322,85
3323,100
3324,0
3325,100
3326,0
3327,100
3328,100
3329,77
3330,100
3331,100
3332,84
3333,99
3334,100
3335,94
3336,95
3337,100
3338,100
3339,100
3340,100
3341,100
3342,85
3343,100
3344,100
3345,100
3346,35
3347,100
3348,100
3349,100
3350,0
3351,100
3352,100
3353,0
3354,94
3355,100
3356,100
3357,100
3358,99
3359,100
3360,0
3361,99
3362,100
3363,100
3364,93
3365,100
3366,86
3367,100
3368,96
3369,41
3370,95
3371,100
3372,28
3373,100
3374,76
3375,11
3376,100
3377,0
3378,100
3379,100
3380,100
3381,98
3382,92
3383,2
3384,100
3385,1
3386,24
3387,0
3388,100
3389,100
3390,46
3391,96
3392,0
3393,34
3394,100
3395,100
3396,0
3397,100
3398,100
3399,100
3400,100
3401,100
3402,7
3403,0
3404,100
3405,100
3406,100
3407,100
3408,100
3409,100
3410,44
3411,100
3412,100
3413,100
3414,100
3415,100
3416,0
3417,100
3418,100
3419,100
3420,100
3421,95
3422,100
3423,100
3424,100
3425,100
3426,97
3427,100
3428,100
3429,100
3430,100
3431,100
3432,100
3433,100
3434,98
3435,0
3436,100
3437,100
3438,86
3439,100
3440,100
3441,100
3442,100
3443,66
3444,100
3445,100
3446,100
3447,52
3448,100
3449,100
3450,100
3451,100
3452,100
3453,96
3454,100
3455,99
3456,23
3457,100
3458,100
3459,98
3460,100
3461,39
3462,100
3463,100
3464,99
3465,98
3466,100
3467,100
3468,100
3469,100
3470,100
3471,100
3472,100
3473,100
3474,100
3475,99
3476,100
3477,100
3478,100
3479,100
3480,100
3481,1
3482,54
3483,100
3484,100
3485,100
3486,100
3487,100
3488,100
3489,0
3490,24
3491,54
3492,100
3493,100
3494,95
3495,100
3496,100
3497,100
3498,100
3499,100
3500,100
3501,16
3502,100
3503,100
3504,72
3505,100
3506,100
3507,98
3508,15
3509,100
3510,99
3511,100
3512,49
3513,100
3514,100
3515,100
3516,65
3517,100
3518,100
3519,100
3520,100
3521,100
3522,100
3523,43
3524,100
3525,100
3526,100
3527,100
3528,100
3529,100
3530,100
3531,100
3532,100
3533,100
3534,100
3535,88
3536,0
3537,100
3538,0
3539,100
3540,100
3541,7
3542,100
3543,100
3544,3
3545,100
3546,29
3547,100
3548,100
3549,100
3550,100
3551,0
3552,100
3553,100
3554,100
3555,81
3556,100
3557,82
3558,100
3559,100
3560,100
3561,100
3562,100
3563,100
3564,100
3565,1
3566,100
3567,60
3568,100
3569,74
3570,100
3571,100
3572,100
3573,100
3574,97
3575,59
3576,6
3577,100
3578,87
3579,100
3580,100
3581,93
3582,100
3583,99
3584,100
3585,100
3586,11
3587,100
3588,97
3589,100
3590,39
3591,5
3592,100
3593,100
3594,6
3595,100
3596,98
3597,0
3598,39
3599,100
3600,95
3601,100
3602,100
3603,100
3604,100
3605,100
3606,100
3607,98
3608,100
3609,100
3610,0
3611,100
3612,100
3613,100
3614,100
3615,99
3616,100
3617,96
3618,0
3619,45
3620,100
3621,100
3622,54
3623,100
3624,99
3625,100
3626,100
3627,100
3628,100
3629,18
3630,100
3631,0
3632,100
3633,100
3634,100
3635,100
3636,100
3637,100
3638,99
3639,100
3640,0
3641,100
3642,49
3643,98
3644,100
3645,100
3646,100
3647,0
3648,39
3649,0
3650,100
3651,100
3652,0
3653,100
3654,100
3655,84
3656,100
3657,100
3658,100
3659,100
3660,100
3661,93
3662,100
3663,99
3664,80
3665,100
3666,100
3667,100
3668,100
3669,98
3670,100
3671,100
3672,98
3673,96
3674,100
3675,100
3676,100
3677,100
3678,100
3679,100
3680,100
3681,100
3682,51
3683,68
3684,43
3685,62
3686,100
3687,100
3688,100
3689,100
3690,100
3691,100
3692,41
3693,89
3694,100
3695,58
3696,100
3697,100
3698,100
3699,0
3700,86
3701,100
3702,0
3703,100
3704,100
3705,100
3706,100
3707,100
3708,0
3709,100
3710,100
3711,51
3712,100
3713,100
3714,100
3715,14
3716,100
3717,100
3718,100
3719,100
3720,100
3721,100
3722,63
3723,58
3724,100
3725,100
3726,72
3727,100
3728,100
3729,85
3730,100
3731,82
3732,17
3733,100
3734,100
3735,100
3736,100
3737,100
3738,99
3739,100
3740,34
3741,100
3742,100
3743,100
3744,100
3745,100
3746,100
3747,100
3748,100
3749,100
3750,100
3751,100
3752,100
3753,89
3754,100
3755,100
3756,99
3757,100
3758,100
3759,100
3760,100
3761,100
3762,0
3763,100
3764,100
3765,45
3766,100
3767,100
3768,100
3769,100
3770,100
3771,29
3772,100
3773,100
3774,100
3775,100
3776,100
3777,100
3778,100
3779,100
3780,88
3781,100
3782,100
3783,100
3784,100
3785,100
3786,100
3787,12
3788,100
3789,100
3790,100
3791,100
3792,100
3793,22
3794,100
3795,100
3796,100
3797,59
3798,100
3799,100
3800,100
3801,100
3802,20
3803,58
3804,71
3805,100
3806,100
3807,100
3808,100
3809,85
3810,68
3811,100
3812,100
3813,100
3814,0
3815,100
3816,100
3817,100
3818,2
3819,100
3820,100
3821,100
3822,100
3823,100
3824,0
3825,0
3826,100
3827,10
3828,100
3829,12
3830,0
3831,100
3832,62
3833,100
3834,50
3835,100
3836,100
3837,100
3838,100
3839,98
3840,100
3841,100
3842,100
3843,33
3844,64
3845,78
3846,98
3847,0
3848,100
3849,49
3850,100
3851,100
3852,100
3853,100
3854,100
3855,100
3856,100
3857,100
3858,84
3859,100
3860,100
3861,100
3862,100
3863,100
3864,100
3865,100
3866,100
3867,99
3868,100
3869,0
3870,100
3871,99
3872,99
3873,100
3874,100
3875,0
3876,78
3877,100
3878,100
3879,100
3880,100
3881,79
3882,97
3883,100
3884,88
3885,99
3886,100
3887,0
3888,100
3889,100
3890,100
3891,100
3892,100
3893,100
3894,24
3895,67
3896,100
3897,22
3898,100
3899,100
3900,100
3901,100
3902,100
3903,100
3904,100
3905,69
3906,100
3907,99
3908,100
3909,100
3910,100
3911,100
3912,70
3913,100
3914,2
3915,100
3916,100
3917,0
3918,100
3919,100
3920,100
3921,100
3922,51
3923,0
3924,92
3925,92
3926,99
3927,100
3928,100
3929,100
3930,100
3931,100
3932,100
3933,100
3934,91
3935,100
3936,100
3937,99
3938,100
3939,0
3940,95
3941,100
3942,100
3943,100
3944,100
3945,100
3946,100
3947,100
3948,76
3949,75
3950,100
3951,100
3952,100
3953,100
3954,84
3955,100
3956,0
3957,100
3958,100
3959,100
3960,100
3961,100
3962,1
3963,100
3964,0
3965,100
3966,65
3967,0
3968,100
3969,13
3970,100
3971,100
3972,100
3973,38
3974,76
3975,100
3976,100
3977,100
3978,0
3979,100
3980,100
3981,100
3982,100
3983,100
3984,100
3985,100
3986,88
3987,100
3988,21
3989,86
3990,77
3991,76
3992,3
3993,100
3994,100
3995,98
3996,100
3997,9
3998,81
3999,0
4000,62
4001,100
4002,100
4003,100
4004,100
4005,96
4006,71
4007,100
4008,100
4009,100
4010,34
4011,100
4012,100
4013,100
4014,60
4015,100
4016,100
4017,100
4018,40
4019,100
4020,100
4021,33
4022,100
4023,90
4024,100
4025,100
4026,100
4027,100
4028,100
4029,79
4030,100
4031,57
4032,100
4033,100
4034,100
4035,100
4036,100
4037,98
4038,100
4039,100
4040,100
4041,54
4042,100
4043,19
4044,100
4045,100
4046,98
4047,100
4048,99
4049,99
4050,92
4051,100
4052,100
4053,100
4054,100
4055,100
4056,100
4057,99
4058,100
4059,11
4060,64
4061,100
4062,100
4063,100
4064,100
4065,100
4066,100
4067,94
4068,100
4069,100
4070,100
4071,100
4072,100
4073,89
4074,93
4075,100
4076,100
4077,100
4078,2
4079,100
4080,99
4081,99
4082,100
4083,100
4084,100
4085,100
4086,100
4087,100
4088,100
4089,0
4090,100
4091,100
4092,100
4093,100
4094,0
4095,60
4096,100
4097,100
4098,100
4099,4
4100,100
4101,100
4102,100
4103,100
4104,100
4105,100
4106,0
4107,100
4108,73
4109,0
4110,3
4111,100
4112,100
4113,100
4114,97
4115,100
4116,100
4117,100
4118,100
4119,100
4120,100
4121,100
4122,100
4123,98
4124,96
4125,95
4126,18
4127,100
4128,100
4129,72
4130,100
4131,100
4132,100
4133,99
4134,100
4135,28
4136,100
4137,99
4138,0
4139,100
4140,100
4141,99
4142,100
4143,0
4144,55
4145,100
4146,95
4147,100
4148,100
4149,27
4150,100
4151,100
4152,0
4153,100
4154,100
4155,100
4156,26
4157,100
4158,100
4159,13
4160,100
4161,100
4162,10
4163,100
4164,100
4165,99
4166,54
4167,100
4168,100
4169,100
4170,95
4171,100
4172,100
4173,59
4174,9
4175,100
4176,100
4177,100
4178,100
4179,81
4180,11
4181,100
4182,100
4183,100
4184,100
4185,100
4186,100
4187,8
4188,100
4189,100
4190,0
4191,100
4192,100
4193,100
4194,100
4195,0
4196,100
4197,100
4198,86
4199,98
4200,98
4201,100
4202,54
4203,100
4204,63
4205,77
4206,100
4207,100
4208,100
4209,100
4210,100
4211,82
4212,100
4213,100
4214,100
4215,100
4216,0
4217,100
4218,100
4219,98
4220,100
4221,100
4222,100
4223,100
4224,85
4225,12
4226,100
4227,100
4228,100
4229,97
4230,100
4231,100
4232,100
4233,100
4234,69
4235,96
4236,100
4237,100
4238,100
4239,100
4240,100
4241,32
4242,83
4243,100
4244,100
4245,96
4246,100
4247,96
4248,0
4249,73
4250,99
4251,91
4252,100
4253,100
4254,100
4255,0
4256,100
4257,100
4258,92
4259,30
4260,100
4261,100
4262,100
4263,70
4264,100
4265,100
4266,100
4267,100
4268,100
4269,100
4270,100
4271,100
4272,0
4273,100
4274,100
4275,78
4276,100
4277,100
4278,100
4279,0
4280,100
4281,24
4282,100
4283,100
4284,100
4285,99
4286,88
4287,100
4288,100
4289,100
4290,98
4291,100
4292,45
4293,100
4294,0
4295,100
4296,75
4297,100
4298,91
4299,0
4300,100
4301,100
4302,100
4303,100
4304,100
4305,100
4306,100
4307,100
4308,100
4309,100
4310,100
4311,100
4312,100
4313,100
4314,100
4315,68
4316,100
4317,100
4318,100
4319,100
4320,90
4321,79
4322,100
4323,100
4324,100
4325,100
4326,100
4327,77
4328,100
4329,100
4330,0
4331,100
4332,100
4333,100
4334,100
4335,100
4336,93
4337,11
4338,30
4339,90
4340,91
4341,100
4342,100
4343,61
4344,86
4345,33
4346,100
4347,9
4348,100
4349,100
4350,0
4351,100
4352,42
4353,100
4354,100
4355,69
4356,99
4357,48
4358,100
4359,100
4360,100
4361,100
4362,97
4363,100
4364,100
4365,100
4366,100
4367,100
4368,0
4369,100
4370,100
4371,100
4372,0
4373,28
4374,64
4375,100
4376,100
4377,0
4378,99
4379,99
4380,20
4381,100
4382,0
4383,100
4384,99
4385,100
4386,25
4387,100
4388,91
4389,5
4390,0
4391,0
4392,100
4393,100
4394,100
4395,1
4396,100
4397,100
4398,100
4399,100
4400,51
4401,98
4402,66
4403,100
4404,100
4405,98
4406,100
4407,100
4408,100
4409,100
4410,100
4411,79
4412,100
4413,99
4414,100
4415,100
4416,100
4417,100
4418,99
4419,96
4420,100
4421,89
4422,16
4423,100
4424,100
4425,100
4426,100
4427,100
4428,100
4429,100
4430,0
4431,97
4432,100
4433,5
4434,100
4435,100
4436,100
4437,100
4438,100
4439,100
4440,100
4441,100
4442,0
4443,100
4444,100
4445,100
4446,100
4447,19
4448,100
4449,100
4450,100
4451,0
4452,100
4453,100
4454,99
4455,100
4456,100
4457,100
4458,100
4459,100
4460,100
4461,2
4462,93
4463,68
4464,100
4465,100
4466,100
4467,100
4468,100
4469,100
4470,100
4471,100
4472,100
4473,100
4474,100
4475,100
4476,100
4477,90
4478,100
4479,100
4480,85
4481,100
4482,95
4483,91
4484,95
4485,100
4486,100
4487,100
4488,0
4489,100
4490,100
4491,46
4492,97
4493,100
4494,22
4495,100
4496,0
4497,20
4498,66
4499,89
4500,97
4501,96
4502,100
4503,13
4504,0
4505,100
4506,100
4507,100
4508,100
4509,75
4510,94
4511,100
4512,100
4513,100
4514,100
4515,34
4516,100
4517,100
4518,34
4519,100
4520,18
4521,100
4522,58
4523,14
4524,23
4525,96
4526,100
4527,100
4528,100
4529,100
4530,100
4531,99
4532,100
4533,100
4534,2
4535,64
4536,100
4537,100
4538,100
4539,98
4540,35
4541,81
4542,100
4543,100
4544,100
4545,100
4546,100
4547,0
4548,100
4549,99
4550,100
4551,16
4552,18
4553,99
4554,91
4555,100
4556,99
4557,100
4558,100
4559,100
4560,100
4561,100
4562,100
4563,100
4564,100
4565,100
4566,100
4567,68
4568,100
4569,100
4570,100
4571,100
4572,100
4573,100
4574,100
4575,100
4576,73
4577,89
4578,100
4579,89
4580,100
4581,100
4582,100
4583,91
4584,100
4585,100
4586,100
4587,100
4588,63
4589,100
4590,100
4591,100
4592,99
4593,100
4594,100
4595,100
4596,100
4597,0
4598,100
4599,100
4600,100
4601,100
4602,100
4603,99
4604,100
4605,95
4606,100
4607,94
4608,100
4609,100
4610,100
4611,100
4612,100
4613,1
4614,96
4615,92
4616,0
4617,24
4618,100
4619,100
4620,100
4621,100
4622,100
4623,77
4624,100
4625,100
4626,100
4627,99
4628,100
4629,83
4630,100
4631,100
4632,100
4633,100
4634,94
4635,100
4636,84
4637,94
4638,100
4639,99
4640,100
4641,100
4642,100
4643,57
4644,100
4645,100
4646,100
4647,100
4648,92
4649,0
4650,100
4651,100
4652,100
4653,99
4654,95
4655,48
4656,68
4657,100
4658,100
4659,100
4660,100
4661,99
4662,100
4663,100
4664,100
4665,0
4666,100
4667,37
4668,100
4669,97
4670,100
4671,96
4672,98
4673,5
4674,100
4675,100
4676,100
4677,100
4678,100
4679,99
4680,100
4681,100
4682,100
4683,100
4684,100
4685,100
4686,15
4687,100
4688,17
4689,100
4690,100
4691,100
4692,100
4693,100
4694,100
4695,100
4696,100
4697,100
4698,40
4699,100
4700,100
4701,100
4702,100
4703,100
4704,91
4705,100
4706,100
4707,100
4708,100
4709,100
4710,29
4711,22
4712,100
4713,100
4714,0
4715,43
4716,100
4717,0
4718,100
4719,99
4720,100
4721,0
4722,100
4723,100
4724,100
4725,38
4726,100
4727,35
4728,76
4729,100
4730,100
4731,100
4732,99
4733,87
4734,100
4735,89
4736,17
4737,100
4738,82
4739,95
4740,28
4741,100
4742,100
4743,91
4744,97
4745,100
4746,100
4747,100
4748,97
4749,100
4750,74
4751,67
4752,59
4753,100
4754,54
4755,100
4756,95
4757,100
4758,73
4759,100
4760,100
4761,50
4762,100
4763,100
4764,100
4765,100
4766,100
4767,59
4768,100
4769,0
4770,100
4771,100
4772,100
4773,0
4774,100
4775,100
4776,100
4777,43
4778,100
4779,58
4780,100
4781,100
4782,17
4783,100
4784,100
4785,100
4786,100
4787,99
4788,100
4789,100
4790,100
4791,100
4792,9
4793,100
4794,100
4795,100
4796,11
4797,100
4798,100
4799,64
4800,87
4801,100
4802,99
4803,100
4804,100
4805,100
4806,7
4807,100
4808,100
4809,97
4810,100
4811,100
4812,100
4813,79
4814,98
4815,100
4816,55
4817,100
4818,0
4819,100
4820,100
4821,100
4822,0
4823,99
4824,100
4825,100
4826,98
4827,100
4828,84
4829,100
4830,100
4831,100
4832,100
4833,100
4834,100
4835,55
4836,8
4837,100
4838,100
4839,49
4840,0
4841,100
4842,0
4843,80
4844,74
4845,0
4846,84
4847,99
4848,100
4849,100
4850,100
4851,100
4852,100
4853,65
4854,96
4855,100
4856,93
4857,99
4858,30
4859,70
4860,100
4861,100
4862,0
4863,100
4864,0
4865,31
4866,100
4867,100
4868,100
4869,100
4870,100
4871,100
4872,100
4873,100
4874,97
4875,100
4876,0
4877,100
4878,100
4879,74
4880,62
4881,100
4882,100
4883,3
4884,100
4885,3
4886,96
4887,83
4888,100
4889,0
4890,0
4891,39
4892,100
4893,100
4894,100
4895,100
4896,100
4897,100
4898,100
4899,100
4900,98
4901,100
4902,2
4903,100
4904,100
4905,100
4906,100
4907,100
4908,100
4909,100
4910,100
4911,100
4912,53
4913,4
4914,100
4915,79
4916,100
4917,100
4918,95
4919,100
4920,100
4921,100
4922,65
4923,100
4924,35
4925,100
4926,0
4927,63
4928,100
4929,93
4930,92
4931,98
4932,100
4933,4
4934,27
4935,100
4936,99
4937,100
4938,4
4939,100
4940,100
4941,100
4942,100
4943,100
4944,100
4945,100
4946,100
4947,100
4948,100
4949,0
4950,100
4951,100
4952,100
4953,1
4954,100
4955,100
4956,99
4957,100
4958,92
4959,11
4960,100
4961,100
4962,100
4963,100
4964,100
4965,20
4966,100
4967,100
4968,100
4969,100
4970,3
4971,100
4972,100
4973,100
4974,100
4975,52
4976,100
4977,30
4978,100
4979,100
4980,100
4981,100
4982,0
4983,3
4984,100
4985,100
4986,100
4987,93
4988,100
4989,43
4990,100
4991,100
4992,100
4993,95
4994,100
4995,1
4996,87
4997,100
4998,97
4999,3
5000,100
5001,75
5002,8
5003,100
5004,100
5005,65
5006,100
5007,100
5008,9
5009,100
5010,100
5011,100
5012,100
5013,100
5014,100
5015,100
5016,100
5017,100
5018,100
5019,1
5020,88
5021,78
5022,100
5023,0
5024,95
5025,2
5026,100
5027,100
5028,86
5029,100
5030,100
5031,100
5032,100
5033,92
5034,100
5035,80
5036,89
5037,100
5038,32
5039,2
5040,19
5041,51
5042,99
5043,100
5044,100
5045,100
5046,97
5047,3
5048,99
5049,100
5050,100
5051,99
5052,100
5053,100
5054,100
5055,6
5056,98
5057,100
5058,93
5059,100
5060,77
5061,100
5062,100
5063,100
5064,100
5065,100
5066,0
5067,73
5068,100
5069,15
5070,0
5071,100
5072,51
5073,97
5074,100
5075,100
5076,0
5077,30
5078,100
5079,100
5080,100
5081,100
5082,100
5083,100
5084,82
5085,100
5086,100
5087,100
5088,100
5089,0
5090,84
5091,100
5092,99
5093,100
5094,100
5095,100
5096,94
5097,100
5098,100
5099,42
5100,100
5101,100
5102,100
5103,100
5104,100
5105,100
5106,0
5107,100
5108,100
5109,100
5110,100
5111,100
5112,7
5113,8
5114,100
5115,33
5116,100
5117,83
5118,100
5119,0
5120,100
5121,100
5122,100
5123,100
5124,100
5125,100
5126,100
5127,100
5128,25
5129,100
5130,100
5131,0
5132,99
5133,100
5134,58
5135,99
5136,100
5137,100
5138,100
5139,24
5140,100
5141,100
5142,95
5143,1
5144,98
5145,100
5146,100
5147,100
5148,100
5149,100
5150,100
5151,4
5152,100
5153,100
5154,44
5155,100
5156,21
5157,99
5158,100
5159,98
5160,0
5161,100
5162,100
5163,27
5164,100
5165,100
5166,0
5167,100
5168,100
5169,100
5170,100
5171,100
5172,100
5173,100
5174,25
5175,100
5176,99
5177,100
5178,100
5179,100
5180,99
5181,88
5182,100
5183,100
5184,100
5185,96
5186,0
5187,93
5188,100
5189,100
5190,1
5191,89
5192,100
5193,100
5194,100
5195,100
5196,100
5197,100
5198,100
5199,0
5200,20
5201,100
5202,100
5203,100
5204,18
5205,100
5206,100
5207,94
5208,99
5209,100
5210,100
5211,100
5212,100
5213,1
5214,100
5215,100
5216,100
5217,100
5218,98
5219,73
5220,98
5221,100
5222,100
5223,100
5224,100
5225,88
5226,100
5227,100
5228,29
5229,97
5230,100
5231,100
5232,65
5233,100
5234,100
5235,1
5236,97
5237,100
5238,100
5239,74
5240,100
5241,100
5242,100
5243,100
5244,100
5245,0
5246,100
5247,100
5248,100
5249,100
5250,97
5251,100
5252,4
5253,100
5254,100
5255,100
5256,98
5257,100
5258,0
5259,98
5260,0
5261,100
5262,100
5263,100
5264,100
5265,100
5266,100
5267,90
5268,30
5269,85
5270,100
5271,100
5272,100
5273,100
5274,100
5275,0
5276,100
5277,92
5278,100
5279,100
5280,100
5281,8
5282,91
5283,100
5284,100
5285,100
5286,100
5287,100
5288,0
5289,100
5290,100
5291,100
5292,100
5293,100
5294,97
5295,100
5296,100
5297,100
5298,100
5299,100
5300,100
5301,99
5302,23
5303,100
5304,100
5305,100
5306,100
5307,100
5308,100
5309,100
5310,100
5311,87
5312,100
5313,100
5314,100
5315,100
5316,100
5317,100
5318,100
5319,100
5320,64
5321,20
5322,91
5323,32
5324,100
5325,100
5326,97
5327,16
5328,78
5329,100
5330,100
5331,100
5332,75
5333,0
5334,100
5335,1
5336,58
5337,74
5338,100
5339,100
5340,75
5341,100
5342,0
5343,100
5344,93
5345,100
5346,100
5347,97
5348,100
5349,100
5350,80
5351,100
5352,100
5353,100
5354,100
5355,94
5356,100
5357,0
5358,100
5359,100
5360,100
5361,100
5362,100
5363,79
5364,100
5365,100
5366,100
5367,69
5368,96
5369,100
5370,100
5371,100
5372,100
5373,100
5374,98
5375,100
5376,76
5377,100
5378,100
5379,100
5380,100
5381,29
5382,100
5383,100
5384,100
5385,100
5386,100
5387,100
5388,25
5389,29
5390,82
5391,100
5392,100
5393,100
5394,99
5395,100
5396,100
5397,100
5398,100
5399,100
5400,27
5401,100
5402,95
5403,1
5404,100
5405,100
5406,5
5407,100
5408,100
5409,100
5410,100
5411,86
5412,99
5413,100
5414,94
5415,100
5416,84
5417,1
5418,0
5419,3
5420,85
5421,41
5422,100
5423,93
5424,54
5425,100
5426,100
5427,100
5428,100
5429,100
5430,100
5431,100
5432,0
5433,97
5434,6
5435,100
5436,96
5437,100
5438,78
5439,100
5440,100
5441,100
5442,92
5443,100
5444,67
5445,100
5446,100
5447,100
5448,0
5449,100
5450,100
5451,100
5452,100
5453,99
5454,100
5455,100
5456,100
5457,100
5458,100
5459,100
5460,100
5461,100
5462,100
5463,100
5464,84
5465,100
5466,100
5467,100
5468,100
5469,100
5470,100
5471,84
5472,100
5473,100
5474,100
5475,100
5476,97
5477,100
5478,87
5479,100
5480,98
5481,100
5482,100
5483,100
5484,91
5485,0
5486,100
5487,100
5488,100
5489,0
5490,2
5491,85
5492,100
5493,11
5494,100
5495,100
5496,99
5497,100
5498,100
5499,100
5500,100
5501,100
5502,100
5503,84
5504,100
5505,100
5506,100
5507,92
5508,100
5509,79
5510,100
5511,73
5512,100
5513,100
5514,98
5515,71
5516,100
5517,100
5518,100
5519,100
5520,100
5521,100
5522,0
5523,100
5524,0
5525,0
5526,100
5527,100
5528,100
5529,80
5530,100
5531,100
5532,0
5533,100
5534,100
5535,44
5536,100
5537,100
5538,42
5539,99
5540,100
5541,18
5542,100
5543,99
5544,100
5545,49
5546,100
5547,99
5548,100
5549,100
5550,52
5551,89
5552,81
5553,100
5554,88
5555,100
5556,100
5557,100
5558,100
5559,100
5560,100
5561,99
5562,100
5563,100
5564,99
5565,3
5566,100
5567,100
5568,100
5569,94
5570,92
5571,18
5572,100
5573,100
5574,100
5575,97
5576,100
5577,92
5578,100
5579,5
5580,98
5581,100
5582,100
5583,70
5584,93
5585,100
5586,100
5587,100
5588,9
5589,100
5590,100
5591,100
5592,61
5593,71
5594,83
5595,100
5596,100
5597,100
5598,98
5599,100
5600,88
5601,100
5602,97
5603,16
5604,3
5605,0
5606,100
5607,100
5608,100
5609,100
5610,100
5611,100
5612,100
5613,100
5614,100
5615,100
5616,100
5617,100
5618,100
5619,100
5620,100
5621,24
5622,59
5623,100
5624,100
5625,100
5626,100
5627,0
5628,88
5629,100
5630,100
5631,1
5632,19
5633,54
5634,20
5635,100
5636,100
5637,100
5638,100
5639,100
5640,100
5641,100
5642,73
5643,92
5644,4
5645,100
5646,100
5647,100
5648,100
5649,30
5650,100
5651,100
5652,100
5653,100
5654,100
5655,87
5656,100
5657,100
5658,100
5659,100
5660,100
5661,100
5662,74
5663,100
5664,100
5665,100
5666,1
5667,100
5668,100
5669,11
5670,100
5671,100
5672,100
5673,64
5674,69
5675,96
5676,100
5677,100
5678,0
5679,83
5680,100
5681,100
5682,100
5683,100
5684,100
5685,98
5686,100
5687,98
5688,100
5689,100
5690,100
5691,100
5692,89
5693,100
5694,2
5695,100
5696,100
5697,0
5698,100
5699,100
5700,100
5701,100
5702,41
5703,100
5704,18
5705,100
5706,100
5707,64
5708,100
5709,100
5710,0
5711,77
5712,0
5713,100
5714,100
5715,100
5716,0
5717,97
5718,100
5719,100
5720,100
5721,100
5722,100
5723,100
5724,100
5725,95
5726,100
5727,19
5728,100
5729,100
5730,100
5731,80
5732,100
5733,100
5734,100
5735,100
5736,100
5737,60
5738,100
5739,100
5740,99
5741,100
5742,100
5743,100
5744,100
5745,100
5746,100
5747,100
5748,0
5749,100
5750,100
5751,100
5752,100
5753,0
5754,100
5755,100
5756,55
5757,100
5758,100
5759,100
5760,100
5761,4
5762,100
5763,0
5764,100
5765,100
5766,26
5767,100
5768,0
5769,100
5770,100
5771,100
5772,100
5773,100
5774,0
5775,99
5776,23
5777,99
5778,88
5779,100
5780,98
5781,100
5782,100
5783,100
5784,100
5785,100
5786,90
5787,100
5788,100
5789,99
5790,99
5791,100
5792,100
5793,99
5794,89
5795,100
5796,100
5797,100
5798,100
5799,100
5800,100
5801,80
5802,15
5803,100
5804,37
5805,26
5806,100
5807,0
5808,100
5809,100
5810,100
5811,100
5812,100
5813,100
5814,1
5815,25
5816,37
5817,100
5818,100
5819,0
5820,100
5821,100
5822,88
5823,100
5824,78
5825,100
5826,100
5827,100
5828,100
5829,10
5830,100
5831,2
5832,100
5833,45
5834,100
5835,100
5836,100
5837,100
5838,100
5839,100
5840,100
5841,100
5842,32
5843,100
5844,100
5845,100
5846,100
5847,100
5848,100
5849,69
5850,100
5851,16
5852,97
5853,100
5854,100
5855,100
5856,100
5857,15
5858,100
5859,51
5860,96
5861,66
5862,100
5863,100
5864,96
5865,0
5866,100
5867,100
5868,21
5869,100
5870,6
5871,100
5872,16
5873,100
5874,56
5875,0
5876,15
5877,74
5878,100
5879,97
5880,100
5881,42
5882,100
5883,6
5884,100
5885,99
5886,17
5887,0
5888,100
5889,100
5890,100
5891,27
5892,100
5893,100
5894,15
5895,100
5896,100
5897,0
5898,100
5899,100
5900,76
5901,100
5902,0
5903,100
5904,100
5905,100
5906,100
5907,100
5908,0
5909,80
5910,100
5911,100
5912,0
5913,100
5914,100
5915,100
5916,44
5917,27
5918,67
5919,100
5920,100
5921,99
5922,100
5923,99
5924,81
5925,100
5926,100
5927,100
5928,100
5929,100
5930,100
5931,0
5932,94
5933,100
5934,100
5935,100
5936,100
5937,100
5938,100
5939,100
5940,95
5941,100
5942,78
5943,100
5944,100
5945,17
5946,96
5947,100
5948,100
5949,100
5950,100
5951,7
5952,100
5953,100
5954,70
5955,100
5956,98
5957,100
5958,100
5959,100
5960,100
5961,100
5962,100
5963,98
5964,100
5965,100
5966,100
5967,56
5968,100
5969,100
5970,100
5971,33
5972,75
5973,0
5974,100
5975,100
5976,100
5977,0
5978,100
5979,3
5980,0
5981,100
5982,100
5983,100
5984,96
5985,100
5986,100
5987,24
5988,100
5989,100
5990,100
5991,100
5992,97
5993,100
5994,100
5995,100
5996,19
5997,100
5998,100
5999,100
6000,50
6001,96
6002,100
6003,99
6004,100
6005,100
6006,100
6007,100
6008,100
6009,99
6010,100
6011,100
6012,100
6013,100
6014,100
6015,81
6016,100
6017,100
6018,100
6019,100
6020,100
6021,100
6022,75
6023,62
6024,100
6025,100
6026,11
6027,100
6028,100
6029,78
6030,100
6031,100
6032,100
6033,81
6034,100
6035,100
6036,97
6037,0
6038,100
6039,100
6040,100
6041,100
6042,100
6043,100
6044,100
6045,100
6046,100
6047,100
6048,100
6049,100
6050,100
6051,99
6052,100
6053,100
6054,100
6055,100
6056,100
6057,100
6058,100
6059,93
6060,100
6061,94
6062,100
6063,14
6064,100
6065,100
6066,100
6067,100
6068,57
6069,100
6070,100
6071,100
6072,56
6073,100
6074,0
6075,89
6076,1
6077,5
6078,100
6079,100
6080,100
6081,89
6082,0
6083,76
6084,41
6085,100
6086,100
6087,100
6088,100
6089,77
6090,100
6091,100
6092,100
6093,100
6094,100
6095,100
6096,95
6097,100
6098,100
6099,100
6100,100
6101,100
6102,100
6103,100
6104,99
6105,100
6106,0
6107,100
6108,5
6109,98
6110,100
6111,100
6112,90
6113,90
6114,100
6115,100
6116,100
6117,100
6118,100
6119,0
6120,100
6121,100
6122,100
6123,100
6124,100
6125,0
6126,100
6127,100
6128,100
6129,100
6130,98
6131,100
6132,0
6133,100
6134,22
6135,100
6136,99
6137,100
6138,100
6139,100
6140,100
6141,100
6142,85
6143,92
6144,100
6145,100
6146,4
6147,100
6148,100
6149,100
6150,100
6151,0
6152,100
6153,100
6154,1
6155,100
6156,100
6157,100
6158,100
6159,100
6160,12
6161,100
6162,100
6163,100
6164,100
6165,100
6166,100
6167,100
6168,100
6169,100
6170,100
6171,100
6172,86
6173,100
6174,100
6175,100
6176,100
6177,0
6178,100
6179,12
6180,100
6181,100
6182,100
6183,100
6184,100
6185,100
6186,82
6187,99
6188,100
6189,100
6190,98
6191,100
6192,100
6193,100
6194,100
6195,73
6196,100
6197,90
6198,100
6199,100
6200,100
6201,100
6202,100
6203,4
6204,100
6205,99
6206,100
6207,100
6208,100
6209,100
6210,22
6211,54
6212,0
6213,100
6214,100
6215,100
6216,100
6217,100
6218,94
6219,100
6220,100
6221,100
6222,100
6223,45
6224,79
6225,100
6226,100
6227,100
6228,100
6229,100
6230,100
6231,100
6232,100
6233,100
6234,98
6235,0
6236,0
6237,98
6238,100
6239,62
6240,100
6241,71
6242,100
6243,100
6244,27
6245,37
6246,100
6247,17
6248,100
6249,100
6250,97
6251,100
6252,100
6253,100
6254,100
6255,100
6256,100
6257,100
6258,100
6259,100
6260,100
6261,100
6262,0
6263,100
6264,100
6265,100
6266,97
6267,100
6268,93
6269,100
6270,100
6271,0
6272,100
6273,5
6274,78
6275,66
6276,0
6277,100
6278,56
6279,100
6280,95
6281,100
6282,100
6283,46
6284,100
6285,94
6286,100
6287,100
6288,100
6289,100
6290,85
6291,100
6292,12
6293,87
6294,100
6295,94
6296,5
6297,100
6298,100
6299,100
6300,100
6301,100
6302,100
6303,100
6304,100
6305,100
6306,100
6307,100
6308,58
6309,100
6310,99
6311,88
6312,0
6313,0
6314,100
6315,100
6316,90
6317,100
6318,100
6319,100
6320,100
6321,77
6322,100
6323,91
6324,100
6325,100
6326,100
6327,100
6328,100
6329,99
6330,92
6331,96
6332,100
6333,100
6334,100
6335,96
6336,100
6337,100
6338,100
6339,68
6340,100
6341,56
6342,100
6343,100
6344,100
6345,100
6346,100
6347,100
6348,100
6349,100
6350,1
6351,100
6352,100
6353,0
6354,100
6355,100
6356,100
6357,100
6358,100
6359,100
6360,24
6361,93
6362,100
6363,100
6364,100
6365,100
6366,100
6367,77
6368,100
6369,100
6370,100
6371,100
6372,100
6373,100
6374,100
6375,100
6376,100
6377,100
6378,100
6379,100
6380,100
6381,100
6382,100
6383,100
6384,100
6385,100
6386,100
6387,99
6388,100
6389,0
6390,100
6391,100
6392,100
6393,100
6394,46
6395,100
6396,100
6397,100
6398,100
6399,100
6400,100
6401,89
6402,100
6403,100
6404,99
6405,100
6406,100
6407,100
6408,100
6409,99
6410,0
6411,99
6412,7
6413,1
6414,100
6415,100
6416,100
6417,39
6418,100
6419,100
6420,38
6421,100
6422,100
6423,100
6424,100
6425,100
6426,0
6427,100
6428,100
6429,100
6430,100
6431,100
6432,100
6433,100
6434,100
6435,100
6436,100
6437,1
6438,100
6439,100
6440,87
6441,100
6442,100
6443,100
6444,100
6445,43
6446,100
6447,100
6448,90
6449,100
6450,99
6451,100
6452,0
6453,100
6454,100
6455,100
6456,100
6457,100
6458,100
6459,100
6460,100
6461,99
6462,100
6463,100
6464,12
6465,39
6466,100
6467,100
6468,100
6469,100
6470,100
6471,98
6472,100
6473,100
6474,100
6475,100
6476,100
6477,100
6478,26
6479,99
6480,99
6481,99
6482,100
6483,10
6484,100
6485,34
6486,100
6487,94
6488,100
6489,100
6490,99
6491,100
6492,100
6493,89
6494,47
6495,100
6496,100
6497,0
6498,100
6499,100
6500,100
6501,25
6502,100
6503,42
6504,100
6505,20
6506,100
6507,60
6508,100
6509,100
6510,24
6511,100
6512,100
6513,100
6514,100
6515,96
6516,94
6517,100
6518,100
6519,100
6520,100
6521,31
6522,100
6523,99
6524,100
6525,100
6526,100
6527,100
6528,100
6529,100
6530,14
6531,14
6532,100
6533,100
6534,0
6535,100
6536,100
6537,99
6538,17
6539,100
6540,100
6541,100
6542,6
6543,0
6544,100
6545,1
6546,33
6547,100
6548,98
6549,4
6550,65
6551,78
6552,100
6553,100
6554,100
6555,92
6556,100
6557,99
6558,100
6559,3
6560,100
6561,45
6562,100
6563,3
6564,29
6565,100
6566,100
6567,0
6568,75
6569,100
6570,100
6571,100
6572,100
6573,0
6574,90
6575,5
6576,100
6577,100
6578,80
6579,100
6580,100
6581,38
6582,100
6583,100
6584,100
6585,72
6586,98
6587,94
6588,94
6589,97
6590,100
6591,100
6592,96
6593,4
6594,54
6595,63
6596,100
6597,100
6598,100
6599,100
6600,100
6601,99
6602,40
6603,100
6604,99
6605,100
6606,18
6607,69
6608,100
6609,2
6610,100
6611,25
6612,100
6613,2
6614,45
6615,68
6616,75
6617,42
6618,100
6619,36
6620,100
6621,100
6622,100
6623,100
6624,56
6625,100
6626,100
6627,100
6628,99
6629,100
6630,100
6631,100
6632,18
6633,100
6634,96
6635,100
6636,100
6637,0
6638,0
6639,99
6640,100
6641,96
6642,100
6643,100
6644,100
6645,100
6646,100
6647,47
6648,49
6649,100
6650,100
6651,98
6652,60
6653,100
6654,100
6655,98
6656,94
6657,100
6658,100
6659,100
6660,100
6661,100
6662,100
6663,100
6664,70
6665,100
6666,100
6667,100
6668,100
6669,99
6670,100
6671,100
6672,100
6673,100
6674,100
6675,100
6676,100
6677,100
6678,45
6679,49
6680,100
6681,100
6682,100
6683,0
6684,100
6685,100
6686,100
6687,97
6688,27
6689,98
6690,100
6691,100
6692,1
6693,100
6694,100
6695,100
6696,9
6697,100
6698,100
6699,100
6700,99
6701,89
6702,100
6703,100
6704,100
6705,100
6706,100
6707,100
6708,100
6709,96
6710,100
6711,100
6712,0
6713,69
6714,100
6715,84
6716,15
6717,0
6718,0
6719,100
6720,100
6721,100
6722,0
6723,100
6724,100
6725,100
6726,2
6727,99
6728,100
6729,99
6730,100
6731,100
6732,100
6733,100
6734,100
6735,100
6736,9
6737,100
6738,100
6739,100
6740,49
6741,100
6742,100
6743,37
6744,18
6745,100
6746,100
6747,0
6748,43
6749,0
6750,100
6751,0
6752,96
6753,100
6754,100
6755,100
6756,100
6757,94
6758,100
6759,31
6760,100
6761,100
6762,100
6763,0
6764,39
6765,100
6766,100
6767,100
6768,100
6769,100
6770,100
6771,100
6772,100
6773,100
6774,17
6775,100
6776,90
6777,100
6778,100
6779,100
6780,100
6781,0
6782,100
6783,100
6784,100
6785,5
6786,74
6787,95
6788,100
6789,100
6790,84
6791,100
6792,100
6793,1
6794,100
6795,55
6796,100
6797,100
6798,100
6799,99
6800,100
6801,99
6802,100
6803,100
6804,100
6805,100
6806,100
6807,100
6808,99
6809,10
6810,100
6811,41
6812,100
6813,97
6814,100
6815,100
6816,100
6817,100
6818,16
6819,100
6820,21
6821,0
6822,100
6823,100
6824,100
6825,100
6826,100
6827,100
6828,0
6829,59
6830,100
6831,100
6832,92
6833,100
6834,100
6835,100
6836,98
6837,100
6838,100
6839,100
6840,80
6841,100
6842,100
6843,100
6844,100
6845,98
6846,100
6847,100
6848,100
6849,100
6850,100
6851,0
6852,100
6853,100
6854,100
6855,98
6856,100
6857,93
6858,100
6859,100
6860,3
6861,99
6862,100
6863,100
6864,99
6865,100
6866,91
6867,100
6868,100
6869,100
6870,100
6871,100
6872,100
6873,100
6874,100
6875,100
6876,7
6877,88
6878,0
6879,100
6880,5
6881,100
6882,48
6883,100
6884,100
6885,100
6886,100
6887,100
6888,100
6889,87
6890,100
6891,69
6892,100
6893,94
6894,29
6895,100
6896,99
6897,100
6898,100
6899,100
6900,98
6901,8
6902,100
6903,100
6904,0
6905,100
6906,100
6907,100
6908,100
6909,100
6910,100
6911,100
6912,74
6913,100
6914,99
6915,100
6916,100
6917,99
6918,0
6919,100
6920,100
6921,100
6922,100
6923,100
6924,99
6925,100
6926,0
6927,100
6928,100
6929,100
6930,87
6931,100
6932,100
6933,100
6934,100
6935,4
6936,100
6937,100
6938,100
6939,100
6940,89
6941,3
6942,98
6943,100
6944,91
6945,0
6946,100
6947,99
6948,100
6949,100
6950,100
6951,100
6952,48
6953,97
6954,100
6955,100
6956,58
6957,100
6958,97
6959,100
6960,100
6961,98
6962,26
6963,47
6964,100
6965,100
6966,100
6967,100
6968,100
6969,100
6970,100
6971,100
6972,100
6973,100
6974,100
6975,100
6976,100
6977,0
6978,100
6979,100
6980,100
6981,100
6982,100
6983,96
6984,95
6985,98
6986,0
6987,42
6988,100
6989,100
6990,100
6991,100
6992,0
6993,100
6994,100
6995,100
6996,100
6997,100
6998,69
6999,100
7000,63
7001,100
7002,1
7003,100
7004,100
7005,60
7006,100
7007,100
7008,100
7009,100
7010,100
7011,100
7012,100
7013,100
7014,0
7015,0
7016,100
7017,100
7018,2
7019,100
7020,68
7021,100
7022,98
7023,100
7024,20
7025,100
7026,99
7027,86
7028,97
7029,100
7030,64
7031,100
7032,100
7033,100
7034,100
7035,98
7036,100
7037,39
7038,100
7039,100
7040,100
7041,100
7042,95
7043,100
7044,100
7045,100
7046,100
7047,100
7048,98
7049,72
7050,68
7051,1
7052,92
7053,15
7054,100
7055,100
7056,100
7057,100
7058,100
7059,82
7060,100
7061,100
7062,100
7063,100
7064,100
7065,97
7066,99
7067,100
7068,100
7069,100
7070,0
7071,100
7072,100
7073,100
7074,100
7075,100
7076,100
7077,89
7078,25
7079,100
7080,100
7081,0
7082,100
7083,100
7084,100
7085,7
7086,100
7087,51
7088,100
7089,100
7090,100
7091,100
7092,100
7093,100
7094,97
7095,83
7096,2
7097,100
7098,84
7099,100
7100,100
7101,100
7102,83
7103,100
7104,93
7105,100
7106,27
7107,94
7108,100
7109,100
7110,100
7111,100
7112,100
7113,100
7114,100
7115,100
7116,100
7117,100
7118,91
7119,0
7120,100
7121,88
7122,100
7123,100
7124,100
7125,100
7126,44
7127,54
7128,100
7129,100
7130,100
7131,100
7132,100
7133,99
7134,100
7135,100
7136,100
7137,100
7138,90
7139,100
7140,100
7141,100
7142,69
7143,100
7144,15
7145,100
7146,100
7147,98
7148,8
7149,100
7150,100
7151,98
7152,100
7153,100
7154,100
7155,100
7156,19
7157,100
7158,97
7159,100
7160,27
7161,100
7162,98
7163,100
7164,97
7165,100
7166,100
7167,100
7168,91
7169,100
7170,100
7171,100
7172,100
7173,88
7174,100
7175,51
7176,100
7177,96
7178,98
7179,100
7180,100
7181,59
7182,100
7183,100
7184,100
7185,100
7186,100
7187,100
7188,97
7189,100
7190,100
7191,0
7192,16
7193,100
7194,100
7195,100
7196,10
7197,38
7198,93
7199,100
7200,100
7201,100
7202,100
7203,100
7204,100
7205,100
7206,99
7207,100
7208,100
7209,100
7210,100
7211,16
7212,100
7213,100
7214,100
7215,74
7216,2
7217,22
7218,100
7219,0
7220,100
7221,100
7222,100
7223,100
7224,100
7225,20
7226,77
7227,100
7228,100
7229,100
7230,93
7231,1
7232,100
7233,100
7234,8
7235,9
7236,99
7237,100
7238,100
7239,100
7240,100
7241,99
7242,2
7243,100
7244,0
7245,100
7246,100
7247,100
7248,32
7249,92
7250,100
7251,94
7252,100
7253,100
7254,100
7255,37
7256,100
7257,0
7258,58
7259,100
7260,100
7261,100
7262,100
7263,98
7264,0
7265,100
7266,0
7267,72
7268,100
7269,97
7270,3
7271,100
7272,87
7273,100
7274,79
7275,100
7276,100
7277,100
7278,100
7279,38
7280,98
7281,100
7282,100
7283,100
7284,100
7285,100
7286,47
7287,0
7288,100
7289,100
7290,66
7291,100
7292,1
7293,100
7294,46
7295,100
7296,100
7297,100
7298,100
7299,100
7300,100
7301,91
7302,100
7303,96
7304,100
7305,100
7306,100
7307,100
7308,100
7309,100
7310,100
7311,71
7312,100
7313,0
7314,100
7315,100
7316,99
7317,0
7318,100
7319,100
7320,100
7321,100
7322,100
7323,31
7324,100
7325,91
7326,93
7327,100
7328,100
7329,99
7330,51
7331,100
7332,100
7333,100
7334,100
7335,0
7336,100
7337,100
7338,100
7339,100
7340,85
7341,67
7342,100
7343,100
7344,100
7345,76
7346,100
7347,100
7348,100
7349,100
7350,100
7351,100
7352,0
7353,96
7354,100
7355,100
7356,100
7357,100
7358,100
7359,100
7360,100
7361,100
7362,1
7363,100
7364,100
7365,9
7366,64
7367,100
7368,100
7369,100
7370,5
7371,15
7372,71
7373,100
7374,81
7375,100
7376,26
7377,100
7378,100
7379,100
7380,100
7381,100
7382,100
7383,100
7384,100
7385,78
7386,100
7387,100
7388,100
7389,100
7390,100
7391,100
7392,100
7393,10
7394,100
7395,63
7396,100
7397,99
7398,100
7399,0
7400,100
7401,100
7402,100
7403,100
7404,100
7405,100
7406,100
7407,97
7408,100
7409,100
7410,96
7411,100
7412,4
7413,100
7414,5
7415,100
7416,100
7417,100
7418,100
7419,100
7420,100
7421,5
7422,100
7423,100
7424,8
7425,100
7426,0
7427,98
7428,100
7429,100
7430,100
7431,77
7432,87
7433,100
7434,64
7435,75
7436,100
7437,55
7438,100
7439,100
7440,100
7441,100
7442,100
7443,7
7444,100
7445,100
7446,100
7447,100
7448,100
7449,100
7450,100
7451,100
7452,100
7453,85
7454,37
7455,100
7456,100
7457,100
7458,100
7459,97
7460,60
7461,100
7462,100
7463,15
7464,100
7465,100
7466,100
7467,100
7468,100
7469,13
7470,100
7471,100
7472,100
7473,0
7474,0
7475,100
7476,100
7477,100
7478,84
7479,88
7480,100
7481,89
7482,100
7483,100
7484,18
7485,100
7486,100
7487,100
7488,100
7489,100
7490,64
7491,100
7492,100
7493,91
7494,91
7495,82
7496,0
7497,3
7498,100
7499,100
7500,100
7501,100
7502,0
7503,100
7504,99
7505,81
7506,100
7507,100
7508,100
7509,97
7510,42
7511,30
7512,100
7513,87
7514,66
7515,0
7516,10
7517,100
7518,100
7519,100
7520,100
7521,100
7522,100
7523,25
7524,100
7525,100
7526,100
7527,31
7528,99
7529,6
7530,30
7531,94
7532,100
7533,66
7534,100
7535,80
7536,99
7537,100
7538,28
7539,100
7540,94
7541,0
7542,4
7543,100
7544,39
7545,100
7546,1
7547,100
7548,91
7549,100
7550,100
7551,100
7552,100
7553,15
7554,100
7555,100
7556,30
7557,100
7558,100
7559,100
7560,47
7561,100
7562,100
7563,100
7564,7
7565,100
7566,0
7567,100
7568,100
7569,100
7570,100
7571,0
7572,100
7573,100
7574,100
7575,99
7576,100
7577,100
7578,100
7579,100
7580,97
7581,74
7582,100
7583,84
7584,100
7585,100
7586,100
7587,99
7588,10
7589,88
7590,100
7591,100
7592,100
7593,97
7594,76
7595,100
7596,100
7597,100
7598,18
7599,100
7600,100
7601,0
7602,39
7603,53
7604,100
7605,68
7606,100
7607,91
7608,0
7609,98
7610,100
7611,99
7612,0
7613,100
7614,100
7615,100
7616,100
7617,86
7618,100
7619,100
7620,100
7621,100
7622,92
7623,100
7624,100
7625,100
7626,100
7627,100
7628,100
7629,100
7630,10
7631,100
7632,100
7633,100
7634,100
7635,100
7636,100
7637,97
7638,100
7639,39
7640,86
7641,100
7642,100
7643,67
7644,99
7645,100
7646,100
7647,100
7648,100
7649,100
7650,100
7651,100
7652,90
7653,100
7654,100
7655,100
7656,4
7657,100
7658,0
7659,16
7660,100
7661,86
7662,100
7663,100
7664,99
7665,100
7666,100
7667,25
7668,100
7669,100
7670,100
7671,100
7672,100
7673,100
7674,100
7675,93
7676,100
7677,100
7678,100
7679,81
7680,100
7681,100
7682,100
7683,100
7684,100
7685,85
7686,2
7687,100
7688,100
7689,0
7690,81
7691,6
7692,100
7693,98
7694,0
7695,79
7696,100
7697,93
7698,0
7699,100
7700,98
7701,100
7702,100
7703,100
7704,1
7705,100
7706,100
7707,100
7708,100
7709,100
7710,100
7711,99
7712,100
7713,100
7714,29
7715,100
7716,100
7717,100
7718,38
7719,100
7720,100
7721,77
7722,100
7723,100
7724,100
7725,100
7726,100
7727,100
7728,100
7729,100
7730,27
7731,100
7732,0
7733,99
7734,29
7735,100
7736,100
7737,100
7738,100
7739,100
7740,100
7741,71
7742,22
7743,42
7744,5
7745,100
7746,100
7747,98
7748,0
7749,100
7750,100
7751,100
7752,100
7753,80
7754,100
7755,100
7756,100
7757,100
7758,100
7759,100
7760,17
7761,92
7762,100
7763,100
7764,100
7765,99
7766,100
7767,100
7768,100
7769,20
7770,100
7771,95
7772,100
7773,100
7774,0
7775,100
7776,100
7777,100
7778,100
7779,100
7780,11
7781,100
7782,100
7783,100
7784,0
7785,12
7786,100
7787,100
7788,100
7789,100
7790,100
7791,99
7792,100
7793,68
7794,93
7795,1
7796,100
7797,100
7798,100
7799,1
7800,100
7801,100
7802,100
7803,100
7804,100
7805,100
7806,100
7807,100
7808,100
7809,99
7810,51
7811,100
7812,94
7813,100
7814,0
7815,100
7816,0
7817,0
7818,52
7819,100
7820,100
7821,100
7822,100
7823,100
7824,100
7825,100
7826,63
7827,100
7828,100
7829,100
7830,100
7831,100
7832,100
7833,100
7834,100
7835,100
7836,100
7837,100
7838,100
7839,100
7840,96
7841,100
7842,100
7843,39
7844,100
7845,100
7846,100
7847,99
7848,100
7849,0
7850,0
7851,100
7852,100
7853,100
7854,19
7855,100
7856,0
7857,100
7858,100
7859,92
7860,100
7861,64
7862,100
7863,100
7864,100
7865,100
7866,100
7867,100
7868,100
7869,100
7870,0
7871,89
7872,72
7873,100
7874,100
7875,100
7876,100
7877,100
7878,100
7879,100
7880,78
7881,100
7882,72
7883,100
7884,91
7885,100
7886,1
7887,64
7888,100
7889,100
7890,79
7891,100
7892,94
7893,100
7894,100
7895,100
7896,100
7897,100
7898,100
7899,99
7900,99
7901,100
7902,7
7903,100
7904,100
7905,100
7906,100
7907,99
7908,100
7909,100
7910,100
7911,10
7912,83
7913,100
7914,100
7915,100
7916,9
7917,100
7918,100
7919,100
7920,95
7921,98
7922,100
7923,100
7924,100
7925,100
7926,100
7927,0
7928,89
7929,99
7930,100
7931,100
7932,0
7933,98
7934,100
7935,100
7936,100
7937,100
7938,80
7939,13
7940,0
7941,100
7942,15
7943,4
7944,87
7945,87
7946,100
7947,100
7948,13
7949,55
7950,100
7951,100
7952,100
7953,100
7954,19
7955,100
7956,2
7957,99
7958,100
7959,100
7960,100
7961,0
7962,100
7963,87
7964,14
7965,100
7966,100
7967,100
7968,100
7969,97
7970,100
7971,2
7972,100
7973,100
7974,100
7975,100
7976,100
7977,1
7978,100
7979,100
7980,100
7981,100
7982,0
7983,100
7984,100
7985,1
7986,100
7987,33
7988,100
7989,100
7990,100
7991,100
7992,93
7993,100
7994,73
7995,100
7996,100
7997,100
7998,100
7999,66
8000,100
8001,56
8002,0
8003,100
8004,100
8005,100
8006,100
8007,0
8008,0
8009,100
8010,95
8011,100
8012,92
8013,100
8014,68
8015,100
8016,22
8017,17
8018,100
8019,19
8020,75
8021,100
8022,100
8023,100
8024,100
8025,0
8026,45
8027,25
8028,100
8029,100
8030,100
8031,100
8032,100
8033,0
8034,100
8035,100
8036,100
8037,0
8038,100
8039,0
8040,100
8041,51
8042,43
8043,100
8044,0
8045,98
8046,97
8047,100
8048,100
8049,100
8050,100
8051,100
8052,100
8053,93
8054,65
8055,39
8056,100
8057,100
8058,100
8059,100
8060,0
8061,100
8062,100
8063,0
8064,100
8065,32
8066,70
8067,100
8068,86
8069,90
8070,90
8071,100
8072,22
8073,0
8074,100
8075,100
8076,99
8077,99
8078,100
8079,100
8080,100
8081,100
8082,100
8083,100
8084,95
8085,98
8086,100
8087,100
8088,98
8089,100
8090,100
8091,100
8092,100
8093,78
8094,100
8095,95
8096,99
8097,100
8098,0
8099,100
8100,9
8101,100
8102,100
8103,100
8104,100
8105,100
8106,88
8107,91
8108,100
8109,100
8110,100
8111,98
8112,49
8113,100
8114,99
8115,100
8116,100
8117,100
8118,100
8119,0
8120,100
8121,100
8122,100
8123,100
8124,100
8125,100
8126,100
8127,0
8128,100
8129,54
8130,100
8131,100
8132,100
8133,44
8134,99
8135,100
8136,1
8137,100
8138,86
8139,97
8140,100
8141,70
8142,93
8143,100
8144,100
8145,100
8146,0
8147,100
8148,100
8149,100
8150,100
8151,100
8152,86
8153,100
8154,0
8155,99
8156,100
8157,100
8158,0
8159,100
8160,90
8161,100
8162,100
8163,100
8164,100
8165,100
8166,100
8167,100
8168,100
8169,83
8170,100
8171,100
8172,100
8173,100
8174,100
8175,0
8176,18
8177,100
8178,100
8179,100
8180,100
8181,23
8182,100
8183,56
8184,100
8185,100
8186,100
8187,52
8188,100
8189,100
8190,100
8191,100
8192,100
8193,96
8194,100
8195,21
8196,100
8197,100
8198,100
8199,6
8200,100
8201,100
8202,100
8203,97
8204,96
8205,100
8206,100
8207,55
8208,100
8209,100
8210,98
8211,8
8212,65
8213,100
8214,100
8215,100
8216,100
8217,100
8218,100
8219,0
8220,86
8221,100
8222,100
8223,100
8224,100
8225,100
8226,100
8227,8
8228,0
8229,100
8230,100
8231,100
8232,97
8233,100
8234,100
8235,100
8236,0
8237,33
8238,99
8239,100
8240,100
8241,100
8242,6
8243,0
8244,54
8245,100
8246,100
8247,0
8248,99
8249,98
8250,100
8251,100
8252,100
8253,100
8254,100
8255,100
8256,100
8257,100
8258,100
8259,0
8260,100
8261,100
8262,100
8263,100
8264,100
8265,99
8266,0
8267,100
8268,27
8269,100
8270,100
8271,100
8272,92
8273,100
8274,100
8275,100
8276,74
8277,100
8278,23
8279,100
8280,100
8281,100
8282,0
8283,58
8284,100
8285,100
8286,100
8287,100
8288,100
8289,0
8290,100
8291,100
8292,83
8293,100
8294,100
8295,85
8296,100
8297,53
8298,100
8299,100
8300,99
8301,100
8302,100
8303,100
8304,100
8305,100
8306,6
8307,100
8308,3
8309,100
8310,100
8311,100
8312,0
8313,100
8314,92
8315,50
8316,100
8317,100
8318,100
8319,100
8320,100
8321,99
8322,100
8323,100
8324,100
8325,100
8326,0
8327,100
8328,100
8329,99
8330,100
8331,100
8332,100
8333,25
8334,0
8335,100
8336,0
8337,78
8338,100
8339,100
8340,5
8341,47
8342,100
8343,100
8344,100
8345,100
8346,100
8347,100
8348,100
8349,100
8350,3
8351,100
8352,57
8353,97
8354,100
8355,0
8356,100
8357,100
8358,100
8359,11
8360,100
8361,43
8362,0
8363,100
8364,0
8365,100
8366,100
8367,0
8368,100
8369,100
8370,100
8371,100
8372,100
8373,100
8374,100
8375,100
8376,5
8377,100
8378,100
8379,82
8380,100
8381,97
8382,100
8383,100
8384,100
8385,100
8386,92
8387,100
8388,100
8389,100
8390,17
8391,100
8392,4
8393,100
8394,98
8395,81
8396,100
8397,100
8398,100
8399,100
8400,100
8401,99
8402,100
8403,100
8404,20
8405,100
8406,100
8407,100
8408,6
8409,100
8410,0
8411,100
8412,100
8413,30
8414,100
8415,100
8416,100
8417,97
8418,74
8419,100
8420,86
8421,0
8422,100
8423,100
8424,100
8425,100
8426,100
8427,100
8428,100
8429,100
8430,100
8431,100
8432,95
8433,100
8434,100
8435,100
8436,0
8437,100
8438,100
8439,100
8440,100
8441,100
8442,100
8443,97
8444,100
8445,100
8446,100
8447,35
8448,38
8449,100
8450,5
8451,100
8452,100
8453,60
8454,100
8455,62
8456,100
8457,19
8458,100
8459,12
8460,100
8461,100
8462,100
8463,100
8464,100
8465,100
8466,100
8467,100
8468,98
8469,95
8470,70
8471,100
8472,100
8473,100
8474,4
8475,100
8476,100
8477,99
8478,100
8479,100
8480,97
8481,100
8482,91
8483,100
8484,0
8485,0
8486,100
8487,100
8488,100
8489,100
8490,100
8491,53
8492,12
8493,98
8494,100
8495,100
8496,57
8497,100
8498,99
8499,100
8500,100
8501,98
8502,3
8503,100
8504,72
8505,100
8506,12
8507,100
8508,100
8509,100
8510,11
8511,100
8512,94
8513,100
8514,100
8515,100
8516,100
8517,100
8518,100
8519,100
8520,100
8521,100
8522,100
8523,100
8524,10
8525,100
8526,97
8527,100
8528,67
8529,100
8530,100
8531,93
8532,93
8533,80
8534,100
8535,100
8536,0
8537,100
8538,99
8539,99
8540,72
8541,100
8542,12
8543,66
8544,100
8545,100
8546,100
8547,100
8548,100
8549,100
8550,100
8551,8
8552,100
8553,100
8554,100
8555,76
8556,70
8557,100
8558,100
8559,0
8560,99
8561,100
8562,98
8563,6
8564,0
8565,100
8566,100
8567,100
8568,100
8569,100
8570,100
8571,100
8572,100
8573,100
8574,96
8575,100
8576,99
8577,100
8578,100
8579,100
8580,100
8581,100
8582,100
8583,98
8584,100
8585,27
8586,100
8587,100
8588,100
8589,100
8590,97
8591,100
8592,99
8593,95
8594,28
8595,4
8596,100
8597,96
8598,100
8599,100
8600,100
8601,0
8602,100
8603,35
8604,100
8605,100
8606,100
8607,100
8608,89
8609,98
8610,85
8611,100
8612,99
8613,100
8614,100
8615,100
8616,75
8617,100
8618,100
8619,100
8620,100
8621,100
8622,100
8623,100
8624,44
8625,100
8626,100
8627,12
8628,100
8629,100
8630,37
8631,100
8632,100
8633,100
8634,100
8635,100
8636,100
8637,96
8638,100
8639,100
8640,99
8641,100
8642,100
8643,100
8644,100
8645,100
8646,99
8647,100
8648,69
8649,9
8650,100
8651,100
8652,100
8653,3
8654,38
8655,36
8656,100
8657,100
8658,100
8659,86
8660,100
8661,100
8662,100
8663,100
8664,100
8665,0
8666,100
8667,100
8668,83
8669,100
8670,100
8671,99
8672,25
8673,100
8674,100
8675,100
8676,99
8677,100
8678,0
8679,100
8680,100
8681,100
8682,100
8683,100
8684,84
8685,100
8686,1
8687,100
8688,2
8689,79
8690,99
8691,100
8692,100
8693,100
8694,100
8695,83
8696,0
8697,100
8698,100
8699,69
8700,100
8701,100
8702,100
8703,100
8704,100
8705,100
8706,83
8707,100
8708,80
8709,100
8710,0
8711,100
8712,100
8713,98
8714,100
8715,100
8716,100
8717,100
8718,100
8719,100
8720,100
8721,100
8722,100
8723,100
8724,100
8725,0
8726,100
8727,87
8728,100
8729,98
8730,100
8731,100
8732,27
8733,0
8734,0
8735,100
8736,99
8737,100
8738,2
8739,100
8740,80
8741,100
8742,100
8743,100
8744,100
8745,12
8746,100
8747,100
8748,100
8749,0
8750,100
8751,100
8752,100
8753,0
8754,100
8755,100
8756,100
8757,0
8758,0
8759,100
8760,100
8761,19
8762,100
8763,99
8764,100
8765,100
8766,49
8767,100
8768,100
8769,79
8770,100
8771,100
8772,100
8773,100
8774,100
8775,84
8776,100
8777,100
8778,100
8779,94
8780,100
8781,75
8782,100
8783,100
8784,0
8785,100
8786,100
8787,8
8788,100
8789,100
8790,100
8791,100
8792,100
8793,100
8794,100
8795,100
8796,100
8797,100
8798,100
8799,100
8800,41
8801,100
8802,100
8803,100
8804,100
8805,98
8806,100
8807,100
8808,100
8809,100
8810,0
8811,100
8812,100
8813,100
8814,83
8815,7
8816,100
8817,21
8818,65
8819,100
8820,99
8821,100
8822,100
8823,67
8824,100
8825,7
8826,100
8827,93
8828,92
8829,100
8830,100
8831,100
8832,44
8833,100
8834,100
8835,36
8836,100
8837,5
8838,100
8839,25
8840,100
8841,100
8842,32
8843,100
8844,100
8845,100
8846,0
8847,98
8848,100
8849,100
8850,100
8851,100
8852,97
8853,100
8854,82
8855,100
8856,96
8857,96
8858,100
8859,51
8860,85
8861,95
8862,99
8863,61
8864,100
8865,43
8866,93
8867,100
8868,100
8869,59
8870,100
8871,100
8872,100
8873,6
8874,97
8875,100
8876,2
8877,15
8878,2
8879,100
8880,100
8881,100
8882,100
8883,18
8884,100
8885,100
8886,100
8887,100
8888,100
8889,14
8890,81
8891,100
8892,100
8893,100
8894,100
8895,100
8896,0
8897,100
8898,49
8899,88
8900,92
8901,100
8902,35
8903,99
8904,63
8905,100
8906,100
8907,100
8908,65
8909,100
8910,100
8911,100
8912,100
8913,94
8914,100
8915,100
8916,100
8917,100
8918,100
8919,100
8920,100
8921,100
8922,90
8923,0
8924,100
8925,66
8926,100
8927,100
8928,100
8929,99
8930,99
8931,100
8932,100
8933,100
8934,100
8935,100
8936,100
8937,100
8938,100
8939,41
8940,99
8941,100
8942,100
8943,99
8944,100
8945,99
8946,100
8947,63
8948,100
8949,100
8950,100
8951,100
8952,63
8953,100
8954,100
8955,100
8956,44
8957,100
8958,7
8959,100
8960,5
8961,26
8962,100
8963,0
8964,6
8965,96
8966,0
8967,100
8968,98
8969,100
8970,99
8971,100
8972,100
8973,1
8974,100
8975,65
8976,100
8977,100
8978,0
8979,100
8980,0
8981,29
8982,100
8983,84
8984,100
8985,23
8986,100
8987,100
8988,100
8989,95
8990,92
8991,100
8992,16
8993,100
8994,100
8995,100
8996,70
8997,100
8998,100
8999,100
9000,37
9001,100
9002,30
9003,98
9004,100
9005,87
9006,100
9007,100
9008,90
9009,100
9010,100
9011,100
9012,0
9013,100
9014,11
9015,100
9016,93
9017,51
9018,100
9019,100
9020,100
9021,100
9022,100
9023,100
9024,100
9025,25
9026,100
9027,100
9028,96
9029,96
9030,28
9031,100
9032,100
9033,100
9034,100
9035,100
9036,0
9037,100
9038,2
9039,100
9040,99
9041,100
9042,100
9043,100
9044,100
9045,100
9046,99
9047,100
9048,100
9049,90
9050,92
9051,100
9052,100
9053,98
9054,7
9055,100
9056,100
9057,100
9058,100
9059,100
9060,69
9061,100
9062,90
9063,99
9064,100
9065,100
9066,100
9067,100
9068,100
9069,100
9070,30
9071,100
9072,100
9073,96
9074,100
9075,100
9076,100
9077,100
9078,100
9079,90
9080,100
9081,48
9082,100
9083,100
9084,100
9085,100
9086,100
9087,93
9088,95
9089,60
9090,100
9091,100
9092,100
9093,0
9094,100
9095,97
9096,100
9097,12
9098,100
9099,100
9100,100
9101,0
9102,100
9103,100
9104,0
9105,100
9106,100
9107,100
9108,100
9109,100
9110,100
9111,100
9112,100
9113,100
9114,100
9115,31
9116,7
9117,100
9118,100
9119,100
9120,100
9121,100
9122,100
9123,58
9124,47
9125,100
9126,0
9127,94
9128,100
9129,62
9130,2
9131,57
9132,100
9133,68
9134,100
9135,100
9136,100
9137,100
9138,100
9139,100
9140,100
9141,39
9142,100
9143,100
9144,100
9145,0
9146,100
9147,100
9148,100
9149,100
9150,23
9151,100
9152,100
9153,1
9154,22
9155,100
9156,100
9157,93
9158,100
9159,69
9160,100
9161,100
9162,100
9163,100
9164,100
9165,99
9166,97
9167,95
9168,99
9169,1
9170,100
9171,100
9172,100
9173,100
9174,97
9175,100
9176,0
9177,100
9178,80
9179,100
9180,100
9181,100
9182,100
9183,100
9184,34
9185,100
9186,100
9187,0
9188,99
9189,100
9190,100
9191,100
9192,99
9193,94
9194,17
9195,95
9196,100
9197,100
9198,99
9199,100
9200,100
9201,100
9202,99
9203,0
9204,100
9205,100
9206,100
9207,24
9208,100
9209,84
9210,95
9211,63
9212,100
9213,100
9214,100
9215,100
9216,100
9217,100
9218,100
9219,97
9220,100
9221,100
9222,100
9223,100
9224,100
9225,100
9226,27
9227,100
9228,100
9229,100
9230,16
9231,100
9232,100
9233,93
9234,100
9235,1
9236,100
9237,100
9238,100
9239,100
9240,84
9241,100
9242,99
9243,100
9244,100
9245,100
9246,100
9247,100
9248,100
9249,100
9250,100
9251,100
9252,0
9253,12
9254,100
9255,100
9256,100
9257,100
9258,100
9259,6
9260,100
9261,61
9262,100
9263,10
9264,99
9265,100
9266,72
9267,100
9268,100
9269,97
9270,43
9271,100
9272,100
9273,100
9274,100
9275,100
9276,100
9277,87
9278,61
9279,0
9280,100
9281,100
9282,100
9283,100
9284,79
9285,100
9286,100
9287,100
9288,100
9289,100
9290,100
9291,100
9292,100
9293,100
9294,100
9295,100
9296,100
9297,2
9298,67
9299,100
9300,54
9301,100
9302,100
9303,100
9304,100
9305,0
9306,100
9307,100
9308,99
9309,100
9310,6
9311,100
9312,81
9313,100
9314,100
9315,0
9316,1
9317,100
9318,100
9319,60
9320,60
9321,100
9322,100
9323,93
9324,100
9325,98
9326,100
9327,100
9328,92
9329,100
9330,26
9331,100
9332,100
9333,100
9334,88
9335,20
9336,96
9337,100
9338,100
9339,100
9340,100
9341,98
9342,0
9343,6
9344,100
9345,100
9346,100
9347,100
9348,100
9349,100
9350,100
9351,83
9352,100
9353,100
9354,100
9355,97
9356,100
9357,100
9358,100
9359,100
9360,100
9361,100
9362,100
9363,100
9364,16
9365,85
9366,15
9367,100
9368,100
9369,100
9370,100
9371,100
9372,97
9373,100
9374,100
9375,98
9376,100
9377,100
9378,100
9379,100
9380,100
9381,100
9382,80
9383,100
9384,74
9385,100
9386,100
9387,94
9388,100
9389,100
9390,1
9391,94
9392,99
9393,99
9394,100
9395,7
9396,100
9397,100
9398,86
9399,100
9400,84
9401,1
9402,22
9403,100
9404,96
9405,100
9406,97
9407,100
9408,75
9409,57
9410,100
9411,100
9412,100
9413,100
9414,100
9415,89
9416,100
9417,34
9418,75
9419,100
9420,60
9421,93
9422,100
9423,79
9424,100
9425,100
9426,100
9427,0
9428,100
9429,94
9430,68
9431,100
9432,100
9433,65
9434,100
9435,100
9436,100
9437,100
9438,29
9439,99
9440,2
9441,100
9442,100
9443,100
9444,100
9445,100
9446,93
9447,100
9448,100
9449,100
9450,20
9451,100
9452,100
9453,100
9454,100
9455,93
9456,91
9457,100
9458,100
9459,100
9460,100
9461,100
9462,98
9463,100
9464,95
9465,100
9466,100
9467,100
9468,100
9469,100
9470,0
9471,100
9472,90
9473,100
9474,91
9475,0
9476,91
9477,100
9478,60
9479,100
9480,48
9481,100
9482,64
9483,11
9484,0
9485,90
9486,54
9487,100
9488,99
9489,100
9490,100
9491,100
9492,100
9493,100
9494,100
9495,100
9496,100
9497,100
9498,100
9499,100
9500,100
9501,100
9502,12
9503,100
9504,100
9505,86
9506,0
9507,100
9508,95
9509,100
9510,100
9511,100
9512,100
9513,100
9514,100
9515,0
9516,0
9517,100
9518,100
9519,100
9520,100
9521,99
9522,100
9523,99
9524,100
9525,99
9526,100
9527,100
9528,100
9529,0
9530,91
9531,100
9532,100
9533,0
9534,46
9535,100
9536,100
9537,100
9538,100
9539,100
9540,100
9541,100
9542,0
9543,100
9544,53
9545,100
9546,99
9547,100
9548,98
9549,61
9550,100
9551,88
9552,100
9553,92
9554,81
9555,0
9556,100
9557,49
9558,100
9559,99
9560,100
9561,93
9562,100
9563,100
9564,100
9565,1
9566,100
9567,100
9568,45
9569,100
9570,100
9571,98
9572,100
9573,0
9574,100
9575,100
9576,100
9577,95
9578,24
9579,100
9580,100
9581,100
9582,91
9583,0
9584,100
9585,100
9586,94
9587,100
9588,100
9589,100
9590,100
9591,100
9592,100
9593,100
9594,100
9595,12
9596,100
9597,100
9598,100
9599,36
9600,100
9601,100
9602,100
9603,100
9604,99
9605,98
9606,100
9607,100
9608,100
9609,96
9610,100
9611,100
9612,100
9613,99
9614,100
9615,0
9616,100
9617,100
9618,97
9619,100
9620,88
9621,99
9622,100
9623,100
9624,100
9625,100
9626,1
9627,100
9628,100
9629,100
9630,100
9631,100
9632,9
9633,100
9634,100
9635,0
9636,100
9637,99
9638,100
9639,100
9640,95
9641,100
9642,100
9643,16
9644,100
9645,100
9646,100
9647,100
9648,100
9649,100
9650,100
9651,100
9652,100
9653,100
9654,100
9655,94
9656,4
9657,100
9658,100
9659,100
9660,84
9661,100
9662,100
9663,62
9664,69
9665,29
9666,0
9667,100
9668,100
9669,100
9670,97
9671,73
9672,100
9673,100
9674,100
9675,92
9676,100
9677,98
9678,100
9679,0
9680,48
9681,41
9682,100
9683,100
9684,100
9685,100
9686,100
9687,100
9688,6
9689,93
9690,1
9691,1
9692,99
9693,100
9694,100
9695,100
9696,100
9697,100
9698,98
9699,100
9700,100
9701,100
9702,91
9703,100
9704,100
9705,100
9706,100
9707,100
9708,100
9709,100
9710,100
9711,100
9712,98
9713,97
9714,21
9715,100
9716,100
9717,99
9718,100
9719,20
9720,100
9721,100
9722,61
9723,90
9724,50
9725,100
9726,100
9727,0
9728,100
9729,60
9730,100
9731,100
9732,77
9733,92
9734,100
9735,100
9736,100
9737,100
9738,99
9739,100
9740,0
9741,9
9742,100
9743,100
9744,100
9745,100
9746,100
9747,88
9748,100
9749,100
9750,99
9751,100
9752,2
9753,1
9754,100
9755,100
9756,100
9757,100
9758,2
9759,5
9760,94
9761,100
9762,100
9763,11
9764,87
9765,100
9766,100
9767,100
9768,100
9769,68
9770,100
9771,100
9772,100
9773,100
9774,11
9775,100
9776,83
9777,100
9778,100
9779,100
9780,100
9781,100
9782,100
9783,100
9784,90
9785,96
9786,100
9787,100
9788,100
9789,100
9790,100
9791,100
9792,96
9793,100
9794,0
9795,100
9796,100
9797,100
9798,93
9799,100
9800,100
9801,36
9802,100
9803,100
9804,4
9805,100
9806,100
9807,88
9808,13
9809,100
9810,28
9811,100
9812,100
9813,100
9814,100
